100 100
-54 -38 87 -3 51 -28 62 -36 -93 -99 100 81 2 -40 -9 51 -17 -11 -57 -75 17 -93 -89 37 -45 -15 -81 -10 90 -94 -5 -39 21 82 47 -21 -17 20 -95 89 74 73 20 -51 93 -4 40 -8 81 36 -13 26 62 -18 -63 -73 96 74 23 -19 11 -38 -9 -83 -75 43 -17 -50 20 50 -47 -24 -62 -62 -100 79 54 -76 -9 -56 4 -93 71 -31 -75 -9 -78 19 -19 -56 -16 69 31 -32 -61 -7 -30 43 -82 27 
31 62 56 -98 -6 -22 -18 -86 -19 47 70 24 19 -35 -73 -83 8 94 36 -66 85 -29 -71 -99 35 28 65 11 11 2 74 -25 -72 28 -96 -59 -22 -66 -14 -49 -46 -86 -61 51 -68 -79 65 -22 -37 -1 -34 -48 69 46 65 -61 -62 22 -7 -9 9 -71 79 10 -90 58 -91 -20 11 77 -97 33 -54 38 12 74 85 77 79 76 92 -51 81 56 1 80 -72 -57 75 93 28 28 -94 38 31 -67 27 61 -58 98 
22 -23 -80 -23 -37 -23 58 18 39 80 -3 19 -25 12 4 35 -28 -77 83 -37 88 -11 86 28 -85 -44 -30 96 -91 52 69 -71 -98 -61 -5 95 53 51 -62 40 -11 -66 -26 -72 -76 10 43 15 54 37 60 51 -79 73 87 59 -92 77 10 -100 -70 -55 -37 -96 70 -37 -78 88 44 72 74 20 -10 68 57 4 -23 90 -43 65 -50 19 -97 19 15 0 74 -5 89 80 -28 14 -19 29 90 -59 -68 59 68 64 
96 -92 59 -83 27 -57 61 -47 25 -9 32 18 57 -73 -49 92 36 72 2 -23 -20 38 -100 29 26 2 79 -37 -86 -75 -63 56 -25 66 87 -31 -7 46 -97 -37 -58 -26 85 -37 70 57 -33 27 -41 -90 74 -7 -47 12 92 53 -62 -8 -90 -53 -81 -18 51 -71 -38 -10 -39 -74 42 64 -99 65 -30 66 -90 -22 37 -16 -52 -54 -45 100 65 100 -17 32 40 -95 53 -72 -34 43 -38 -24 51 13 -85 -23 -93 -38 
25 -58 60 -33 20 -34 -96 -18 -34 -49 6 -23 14 84 94 87 66 89 -50 -60 -9 -21 -58 -85 -33 7 41 -56 24 -85 -29 91 -42 73 -20 33 87 -100 -96 91 -45 -47 21 18 -26 65 -23 -5 63 -69 -32 21 -65 -87 58 84 -13 -84 -37 75 3 -20 76 4 -23 1 60 -96 -84 -23 4 -33 83 29 -80 -32 -33 -100 -77 -67 19 18 -8 3 15 -73 46 17 -66 -78 12 15 15 -58 -39 96 66 40 43 -51 
-19 -29 28 66 -82 -65 -50 43 4 11 -13 -50 48 23 29 -74 66 31 54 -88 -90 4 90 69 47 63 -13 72 -53 30 90 86 -86 -89 50 67 -86 60 -26 -7 -59 -53 -75 5 -74 47 4 -31 77 15 44 -95 60 -77 75 -49 60 76 -35 -96 51 -17 -8 24 -24 85 22 -11 -87 -43 -68 48 27 71 85 -80 51 26 -87 -90 -21 41 -80 -95 37 14 -15 4 66 -55 -64 84 -14 23 -77 46 -88 -84 -15 90 
-10 -40 46 81 86 -44 -44 96 33 -47 35 -10 -83 -87 76 14 44 -28 87 68 76 84 -97 80 -8 18 -34 -93 6 37 54 36 -42 -29 -73 -82 10 58 -4 52 -32 -7 47 56 -58 -96 55 -26 -4 -15 37 41 86 76 26 -37 -57 -45 -70 -95 48 -7 -29 26 -35 -85 -57 -69 -93 -45 97 -61 -63 -94 -15 -50 22 -34 -66 97 -78 77 27 -96 78 -98 41 93 56 -88 34 -77 91 46 -10 -9 -66 -33 82 -48 
38 -60 -99 97 -10 14 69 0 -39 -59 71 -94 -62 44 -38 90 -91 43 -18 18 -24 -30 -27 19 10 -87 13 -11 -51 18 -69 -39 -40 -23 -95 62 -89 22 98 100 53 -94 81 9 -96 90 -87 93 -55 70 63 -54 92 -55 13 5 -93 45 47 -69 -5 46 -15 -38 100 -74 -59 20 -46 -39 57 -77 -66 33 -38 68 57 16 -23 49 60 -13 -60 55 -57 64 53 53 -32 43 -53 -53 -91 -54 -89 -46 11 3 -47 35 
-23 -87 -32 88 -80 -2 93 -33 3 23 33 -17 98 -45 -39 -16 86 19 50 -47 -65 82 -81 -74 5 21 -65 15 40 -88 97 -30 -59 -72 8 27 -76 -5 35 -31 38 4 -38 -88 90 -17 -70 -94 36 11 77 59 -98 -15 -33 29 97 90 15 -8 -6 51 -42 -33 49 -41 -77 -37 70 -93 98 98 -93 34 -79 -54 43 61 -81 2 40 39 95 94 -3 -34 -3 -70 80 -8 32 18 59 80 8 -90 48 -75 71 -76 
-40 16 -93 -80 -45 82 -97 -97 95 73 26 4 -99 -24 15 -87 31 -59 -10 -3 -11 -77 -81 -75 -5 -88 -26 79 94 -46 85 85 -15 -91 84 90 -100 42 99 -16 -12 50 -35 -28 -12 44 84 64 -99 -31 36 30 -28 -74 38 -2 -65 8 43 -60 19 39 29 -34 -86 86 -95 90 48 31 27 -80 -36 24 -10 58 -20 75 52 11 -87 -87 32 -7 28 -80 57 -69 23 32 74 -7 -70 -73 -65 -18 72 -34 -15 1 
-57 -51 -62 4 -72 -3 -22 37 75 -22 -85 77 -39 -92 33 35 71 73 77 -80 94 2 57 -48 -32 74 12 -53 73 10 85 -15 90 41 89 -19 5 14 -87 -31 -75 1 92 -34 53 31 11 3 -24 -40 11 97 39 60 -50 -77 27 20 66 -97 56 25 23 19 -24 -4 -17 -12 -75 -26 18 -95 -44 63 47 -34 22 72 -29 -22 70 -11 -87 -100 36 -97 73 19 2 47 33 83 51 83 12 2 31 4 67 73 
81 84 -75 56 26 1 34 -67 97 -1 80 -54 -62 -62 -89 -38 -51 -98 5 -20 -56 14 -15 -22 55 79 -2 -51 -41 -40 -78 73 23 11 -40 -77 -32 67 -57 -34 56 0 60 -61 -97 -10 94 -4 -94 65 41 -15 -33 -20 9 -98 95 -18 -85 -89 -2 60 15 57 54 18 -51 17 -46 91 -51 -98 94 -47 17 -77 69 -42 71 11 -99 89 -39 -99 70 -58 46 -100 -69 -16 100 32 84 11 92 -24 -11 100 -25 -57 
-89 24 -46 61 -7 99 -23 33 31 -25 35 49 -60 59 -83 -57 -99 90 9 -24 76 -48 46 -42 70 -12 -50 -95 -28 -56 50 44 88 100 -64 94 -44 -8 35 74 -54 -61 63 13 48 61 -3 78 60 -31 -58 -96 -30 8 11 65 -10 18 -54 -55 48 100 -44 86 48 -42 91 95 15 -6 9 9 -78 23 87 53 -99 -5 -14 -62 -8 -44 38 -22 5 -65 -11 -62 46 -24 55 -99 9 -28 9 -70 -37 -24 98 -57 
-96 42 -16 56 -41 -66 65 75 16 35 78 -81 -28 -48 -50 -87 -38 -46 -65 20 33 -84 15 94 -64 -70 -67 70 35 -95 -1 -30 16 -3 -6 -19 76 -55 60 17 -19 95 -50 42 -81 -44 -63 -86 24 51 16 -36 -56 62 95 -82 100 -2 -80 50 -55 -4 -2 -33 -31 82 22 -91 -67 1 48 -96 -14 1 -45 84 35 -36 36 12 11 -45 -61 11 -68 43 51 22 -7 -55 -74 60 12 -76 -47 26 18 -32 -40 -90 
44 -49 -29 -21 -53 -24 -18 76 -47 66 91 87 88 -62 77 67 88 92 -14 84 82 100 -14 90 -5 10 -87 91 -40 59 63 29 -91 55 -62 -17 -45 1 -10 -89 86 -36 -80 19 -51 95 47 -3 -61 35 65 -13 18 -33 62 60 44 -6 46 3 42 -78 40 -77 95 -89 48 -48 9 -2 -9 79 55 25 19 -36 98 58 -77 -62 -7 -62 -61 -94 -76 -35 82 -2 -86 94 -61 -93 79 95 -59 52 -32 -78 20 -97 
-6 70 -42 49 -5 43 20 -71 88 89 -9 -24 45 -32 -75 -85 95 -12 -11 36 15 -40 85 -20 77 -80 76 54 55 -88 41 50 77 -40 71 76 64 -17 85 -67 -89 17 -100 53 -27 -22 19 75 66 -41 33 -63 22 -81 8 71 -51 -95 -16 -1 1 14 40 -30 63 10 72 53 99 -24 -12 39 26 -30 -95 24 56 -97 46 21 36 -70 -25 58 -100 84 -72 10 86 68 44 16 23 3 47 -15 -62 -96 35 -7 
-49 -86 -15 -77 -21 -98 29 -58 -66 -78 45 24 20 -10 47 78 -31 92 -48 -86 63 72 99 44 60 56 -2 25 74 -58 25 68 -54 44 10 -4 69 -7 -68 11 -9 68 -57 -39 -5 -83 15 -72 27 -11 -51 38 0 14 -73 36 31 92 -15 -92 -96 29 -26 70 97 55 -81 17 36 -46 -26 -35 -1 -62 -86 97 -76 74 -17 61 59 -62 -95 93 82 43 44 4 -34 21 79 -68 78 -96 -83 96 24 31 -82 46 
-74 33 60 -31 -17 -62 37 -8 -69 50 -81 49 -33 62 34 -81 31 92 -93 57 -36 -82 -44 76 -99 54 73 -31 28 -62 13 -9 -97 -4 -23 -62 42 85 -15 -72 60 -75 -39 16 -55 -90 -90 -7 42 -48 -18 29 55 -84 73 -70 95 21 64 80 37 -8 52 98 -50 12 31 -57 17 48 57 -48 92 -83 -21 -43 -42 -44 -64 53 -52 2 -33 -76 -14 -98 -5 80 -49 -100 100 94 -11 59 -4 -82 83 82 86 -100 
-18 82 -72 69 73 -9 -51 56 38 -33 -28 -7 94 47 6 -92 64 85 47 -5 65 -20 40 -13 32 6 -4 -40 -78 51 -85 25 94 56 -42 50 -62 49 36 -91 -50 -92 2 20 31 -68 -99 -14 -6 -11 -65 -69 17 -15 -10 -34 -55 29 39 -37 -67 23 92 17 6 24 13 -31 12 76 -88 -68 50 -81 94 61 73 -65 -64 70 65 -60 -38 21 60 -9 -12 75 79 5 30 -9 -83 13 14 23 -67 74 46 -38 
-5 -11 -63 -20 36 -31 -58 -39 -77 -4 55 -22 -40 -11 24 19 -52 -33 -23 -85 32 -83 76 -99 83 -60 -8 83 -19 -28 -44 -57 11 -9 77 24 -96 99 -42 -39 31 62 63 8 41 37 31 -4 90 -61 43 31 -20 -62 31 -53 43 10 -58 50 -98 47 31 76 -35 -65 88 36 35 -14 31 -15 -44 93 -84 -78 48 8 94 83 12 83 66 86 53 94 -9 43 0 -68 25 89 57 -81 -50 97 100 -67 93 -69 
-29 31 95 -12 87 -64 68 -8 70 -31 48 95 -10 -35 49 56 44 40 -59 -98 -88 0 -56 26 -84 67 24 -19 -46 72 14 23 16 -39 26 42 94 -75 -65 94 40 -4 -33 4 -89 -82 -61 30 -28 -28 -35 -68 12 -71 31 51 69 -86 -6 -62 -21 -73 35 99 -59 29 -12 -40 -67 88 -82 98 -31 -12 -18 86 33 17 49 46 66 36 -90 -24 -34 -16 -72 -99 69 74 88 -30 2 -72 -59 -53 27 0 -62 39 
99 -69 83 40 -36 5 -82 82 -79 25 -78 -94 36 -9 -23 -82 -41 -72 34 80 40 41 -28 -71 -25 15 36 -74 16 -85 5 -47 86 29 -37 4 9 74 61 -24 -48 -14 36 -65 57 -56 -91 94 32 -74 97 95 -30 -84 28 -75 18 23 87 44 -40 100 -78 -89 -93 -15 12 -93 -93 -66 47 21 -82 -89 -81 73 41 -58 -61 -17 -38 -16 -13 64 -69 20 -33 -96 -33 -59 85 -67 62 38 -66 -43 -47 -85 -44 42 
-45 -73 -98 -10 -27 68 -100 34 -39 88 52 -87 -66 -66 14 4 26 -52 -89 -30 83 98 -31 -96 50 -96 22 -90 99 -36 22 70 9 -65 -64 83 27 -78 23 24 -16 4 -84 5 -99 69 -94 8 61 -66 8 87 29 -24 -69 -83 71 -54 76 -86 -54 98 6 -75 65 52 -30 -35 -1 -90 -43 -61 -17 -41 -5 97 -45 38 76 -33 17 63 18 -82 -18 -46 96 83 26 54 -72 -37 36 25 -8 89 -18 72 -30 74 
-98 -96 41 -42 49 -90 99 78 -70 25 94 76 14 63 -83 87 -1 64 66 5 85 -96 78 80 42 70 30 -72 72 69 -72 7 3 -86 36 -55 -37 -43 -50 -100 -53 74 -18 -43 -30 -14 -94 -69 80 -69 -7 -96 83 -91 69 36 3 25 -11 -37 37 -72 36 -30 -86 78 84 73 74 53 -67 31 80 87 74 -27 27 -59 -73 -17 44 -45 -13 39 -44 83 -91 46 30 94 -58 -77 -48 88 -72 -52 -56 43 24 -42 
20 10 -39 -45 -34 20 46 -15 2 2 -62 29 18 -9 -83 5 -31 -56 -21 -88 -63 -87 -100 28 -77 -34 21 91 -71 65 94 -69 13 -7 61 -73 -86 33 -70 -51 -74 34 57 78 90 97 9 -75 -2 16 -69 -38 -13 72 -24 -34 -98 67 -42 0 52 -60 -22 -82 -57 39 -61 -35 -68 27 -51 44 -98 -46 -14 -47 36 68 -45 -5 29 69 -75 23 94 -5 -51 9 61 -2 -8 53 -40 60 -30 37 -21 -81 -87 23 
12 23 33 -35 -60 -93 -36 28 54 7 -45 38 -50 36 37 -31 -82 -72 -56 -66 -75 21 98 18 63 -85 -76 21 -42 -88 93 -85 -55 -76 5 -16 -42 -46 25 43 -74 -48 15 -95 37 -15 -62 4 11 97 -81 -85 52 -35 -2 -96 -77 -83 -74 80 -14 17 87 -80 52 -84 64 27 26 -23 -11 7 -45 40 -99 50 -55 20 12 -25 73 60 -63 83 -9 6 -43 -43 -24 50 -29 -100 73 100 17 -33 -50 6 -41 -56 
68 90 40 73 -64 4 -26 37 -45 -45 -46 59 -86 50 76 -53 -29 -54 -12 -73 27 78 -24 -33 -67 45 -17 -83 -81 -76 82 31 23 -7 -32 -21 -1 -48 90 -27 6 84 -86 82 -90 -1 -80 -51 76 -45 -63 60 -2 71 25 41 -48 34 73 71 -58 97 72 -99 95 15 48 -74 61 -61 85 -46 92 -78 45 55 -65 -22 -9 -72 92 18 49 99 71 45 52 86 -64 74 50 17 -11 7 -52 -44 39 -72 -28 12 
-31 -46 92 67 -50 -64 -79 97 85 -18 -8 67 54 -17 83 20 3 -51 -53 17 -2 74 -18 48 19 -75 -96 -9 15 -100 -20 47 -100 61 18 37 87 -76 21 -76 -86 -100 7 -37 -84 20 -86 34 76 -8 0 100 7 99 48 -84 47 -39 -90 3 18 9 -91 72 31 -9 98 -60 -5 -44 10 -75 -81 100 -48 42 -63 90 -24 -39 -33 38 -36 43 75 5 56 67 -81 68 41 -95 -18 -51 38 -38 -4 -10 3 65 
-26 83 94 3 -64 73 84 71 -19 25 -63 37 60 62 -29 -53 -30 64 -87 9 81 -64 65 45 -70 -86 37 57 100 -70 -22 -16 97 24 0 83 -52 97 37 93 -10 28 -98 -10 -17 -51 -52 -71 -2 38 -87 -28 -81 -51 87 -63 17 -46 66 -45 -6 32 45 -50 49 -92 -14 23 11 12 -45 0 79 22 28 -95 90 68 69 -51 -13 -67 66 -34 100 51 -4 61 -94 -58 -17 60 30 -60 63 -86 -84 -37 -29 -49 
58 86 -90 -8 11 67 -49 41 71 -21 73 65 83 70 4 -3 92 30 -82 -6 -37 -37 -83 -14 -69 -55 -44 -58 90 96 43 60 56 10 -10 40 46 -74 22 34 -66 39 12 66 -52 48 90 84 -45 3 50 -11 -70 -27 -4 -86 -11 99 -69 -17 55 74 -40 20 -12 23 -93 67 91 -41 -34 -93 0 54 -19 7 -5 54 14 -74 -10 -27 97 -88 -2 -7 55 -50 -18 -18 32 78 -99 -95 -90 -4 -30 66 1 -20 
5 34 23 -89 72 -3 79 -12 18 -12 -30 -70 95 -74 -8 74 60 81 -85 -41 -40 -64 -30 24 5 -27 9 -91 -14 -58 -77 -24 -44 -58 2 -43 -44 39 46 -42 71 -64 48 -55 -35 -10 -3 67 56 -18 54 -87 -43 41 100 63 -89 44 -46 71 -47 -43 -63 97 40 -45 85 -9 -37 22 16 -8 -66 22 -46 23 -81 53 96 -35 -46 -1 18 -7 96 -84 -48 -83 -36 80 -2 -39 49 -100 57 75 82 -99 -17 -92 
-41 -29 58 51 24 93 19 -100 48 -11 -74 -8 -4 -22 2 -97 2 -33 -40 90 32 -36 16 21 -21 18 -99 91 90 90 35 -34 -27 56 -40 31 71 -71 61 13 -9 -35 8 47 -77 -49 62 -86 -6 -80 8 66 39 -73 2 -50 -70 71 16 -16 47 -83 -19 -20 -72 23 23 -34 -79 -90 -33 100 19 69 45 -63 71 94 -66 -60 -92 -6 50 -19 -16 45 89 -75 -14 71 93 3 80 -66 -24 39 69 18 -47 53 
87 -71 86 19 -54 -32 -83 66 -32 88 -85 -51 -5 34 78 -25 -87 64 44 3 11 86 -85 -31 -36 50 14 -23 0 -77 47 -80 -15 24 -4 -94 -10 70 17 -23 89 -92 -11 -50 -49 19 -93 50 2 -21 -10 -34 -6 92 27 44 2 92 42 -18 41 -54 -25 14 91 84 -91 1 38 59 -17 21 -60 63 95 -13 -2 90 4 29 -62 -68 -69 -23 -31 -12 -91 -18 -79 -44 -85 -16 38 -74 22 39 73 -27 11 98 
-20 -98 47 -27 14 16 -7 -25 83 -47 -75 -37 -38 -72 -91 -25 -38 -88 -61 68 51 67 -8 -53 93 -61 100 71 56 99 48 -16 59 -99 3 -11 18 -47 -87 80 29 32 -82 98 -41 -35 41 68 40 -33 55 -18 97 -14 24 -55 -15 34 -90 89 70 76 -70 47 -55 -15 36 -18 -82 87 58 -18 11 7 -46 72 70 33 49 -34 100 -54 70 -91 -8 -15 -47 -40 -66 -60 -57 87 -80 58 -40 -4 66 79 -22 -80 
-91 45 72 -92 -48 -29 -73 51 -14 -79 -35 -40 62 78 95 14 -85 -64 -64 -96 56 -40 18 -24 62 -10 -29 -15 86 -89 -82 7 -47 -13 -98 -94 -10 -80 64 -17 96 8 -50 56 -33 26 -44 44 26 88 7 79 -32 95 73 -44 17 59 -33 30 14 -42 -49 3 -84 1 -37 -94 73 90 -89 17 -84 -99 59 -98 -40 -58 -31 -30 -87 55 68 -83 -92 44 -60 -63 -7 66 -29 -35 73 -50 -75 94 -39 88 -65 41 
-76 -91 -92 65 30 -27 38 -40 -17 -60 82 58 -5 -77 -93 -22 -85 56 -75 -4 -23 -35 66 82 -89 100 -62 -7 87 -91 87 68 -28 -14 61 15 -23 70 -98 -40 28 78 52 16 42 27 -92 -70 -10 -23 -30 71 -11 -12 -39 27 -45 -25 -53 -73 44 -67 5 -44 -54 -40 -32 22 -92 26 28 -55 -59 19 -61 67 69 -93 -22 39 -45 -15 -38 -3 88 51 15 95 26 74 45 49 27 -42 94 62 77 95 7 46 
76 -61 -79 54 -38 22 74 82 -76 -66 -46 -59 -23 1 -81 -85 40 1 65 -2 -55 -89 59 -91 -99 -90 3 -91 -57 -63 -75 -94 41 -84 -81 8 87 70 16 -49 33 32 -82 -43 71 100 51 -3 54 -30 26 79 75 6 -87 65 53 26 -1 45 -1 24 76 73 -12 67 9 71 3 -14 -49 -79 11 -12 -6 -58 -53 -15 13 -58 -55 64 -87 50 -80 99 -56 41 -12 -76 -73 21 96 -42 -72 22 21 94 -47 -100 
-32 80 -61 -53 92 -69 -21 25 -17 4 51 53 20 7 2 14 -54 -63 98 -12 -1 -93 -7 -81 35 -57 45 25 -23 77 -11 -79 -3 -69 48 -49 80 52 -45 7 93 -7 -36 72 25 11 -52 5 -92 -49 -17 22 69 53 88 42 76 -48 -54 -96 77 -60 83 -3 14 -37 31 -77 49 -47 0 -91 -34 39 20 76 92 -69 80 22 -74 41 94 59 -24 40 -29 -8 -51 -7 -61 61 -47 -38 -42 -66 84 -34 -47 22 
23 36 -29 -81 60 77 70 -69 20 85 53 72 9 63 79 36 91 74 92 -7 28 96 21 85 -5 -13 -33 -64 77 51 47 -27 92 87 -7 -65 -93 39 -2 -56 -57 70 -97 -86 -75 -48 -53 -35 42 19 67 -16 -34 -13 -44 73 -88 -85 58 -65 86 31 64 90 20 -66 -100 -22 68 70 94 11 -24 36 -28 -3 45 -11 100 -77 -72 81 47 54 -9 -69 -39 12 -17 -95 -22 -4 15 -9 -45 -11 42 -62 73 -91 
-72 6 20 -22 -20 85 51 -11 -10 5 -29 81 -30 80 -54 -92 62 -80 78 -31 87 -11 -54 -57 20 93 56 33 -18 -38 17 -62 -43 -41 55 -42 -73 -43 50 -2 46 100 -21 49 -83 90 33 -22 12 6 -98 9 20 58 5 24 57 -52 77 -26 -31 51 93 49 -80 -68 12 59 53 -45 93 24 -82 -18 -65 -88 -83 -78 -97 9 5 89 56 -62 14 -46 64 0 -94 83 -58 66 61 -89 81 67 84 93 82 -54 
52 -45 23 -45 -30 -88 -14 -38 84 4 52 12 6 -73 -16 -46 89 -10 -34 79 -63 48 -5 -33 15 29 29 -20 -48 17 -2 -66 62 34 -56 59 40 33 -40 -91 -67 69 39 -20 -56 -55 -75 -22 -9 -5 -95 -49 82 14 -67 -24 18 -50 69 52 -48 8 -4 57 50 -56 -58 30 45 -17 -22 70 27 -9 -77 -50 -6 -50 0 83 -43 -16 96 -16 -70 49 -55 87 -55 -90 46 57 12 39 77 4 -1 7 49 -95 
-21 -9 46 34 36 -28 78 12 23 -63 71 -76 37 -32 88 -55 54 -5 10 79 -22 90 61 63 -95 -62 63 58 -84 61 -82 -40 58 20 -12 60 85 -60 47 -99 -77 88 -87 69 -39 69 54 40 73 21 20 -94 -71 89 -65 -85 9 52 -52 -98 79 18 -45 -12 23 -2 37 79 51 99 6 83 -64 23 7 60 11 -42 3 -4 89 -87 -58 66 -97 -56 -77 -33 -82 -83 -9 -8 70 -60 -71 34 31 -93 21 0 
70 96 -19 -22 -9 -46 16 59 -71 60 57 -17 1 14 52 64 -83 -97 52 -95 -40 -8 -9 -9 47 -13 39 -6 28 -92 33 4 71 -86 45 21 100 -83 85 14 -53 -19 74 62 66 -78 77 -15 6 81 4 38 -62 76 77 71 -57 90 -55 19 23 21 -81 -11 97 72 56 94 39 -9 90 -27 -2 -78 -9 -7 83 -10 28 -21 -11 96 74 -91 48 96 49 33 -14 30 3 -93 99 -73 -43 35 -96 -77 77 94 
13 59 -31 -92 12 -5 -7 68 45 33 -39 -22 -71 -14 5 51 -13 -88 -66 21 100 -15 76 63 56 -12 66 -75 -35 61 -62 72 -68 91 85 31 18 -82 -7 1 6 -74 20 36 -84 49 7 40 -25 -48 -65 89 38 2 25 70 10 14 28 51 -42 -87 51 -60 -21 18 -34 29 -42 91 48 -95 -26 70 -76 -27 -18 -67 -3 -93 72 57 -77 -61 14 2 -14 -94 4 -77 -94 -82 77 96 -82 -45 3 -34 -79 53 
-100 -48 -16 -41 -91 -60 -9 1 40 73 -72 -43 57 -28 22 86 27 60 91 -8 -49 10 78 -23 34 78 -82 -14 -14 -82 -71 37 55 7 -70 -81 -15 -89 90 1 -25 -30 -48 90 54 6 58 39 -21 13 -75 -25 -11 -58 19 -12 51 -79 -91 -4 -11 74 55 -10 79 84 51 52 48 -88 41 84 74 97 21 12 -11 29 -16 100 -93 -23 60 82 48 61 21 31 -96 15 -54 -74 1 -87 -57 69 12 19 78 52 
-82 71 87 22 12 -8 -46 40 34 10 -82 81 42 -30 -49 35 -34 80 27 -16 -87 71 60 -61 -86 -50 -67 67 46 63 54 33 -88 16 48 -47 -70 59 62 45 49 -50 56 83 -93 7 -1 64 -59 59 -50 -78 94 43 -92 87 -59 2 62 -66 2 38 -46 -17 100 -81 -13 69 -89 -9 20 16 46 53 -94 64 64 23 -22 63 -71 76 100 -43 -90 -12 -18 -5 -44 -4 4 -67 -96 62 18 -87 -96 -21 -84 -2 
63 52 80 -92 -53 26 -57 -2 -68 73 57 -89 86 93 18 -35 -43 53 -8 10 68 -51 61 22 -1 58 96 25 2 82 -52 -93 22 -26 -22 -100 44 7 -15 68 74 16 70 -62 -81 27 -58 -67 -60 -86 -37 10 54 -24 7 -11 -43 69 -76 -50 14 -61 95 8 83 -22 62 34 19 96 -33 1 -76 61 -35 1 13 72 -36 4 -84 -26 35 45 -3 26 20 25 79 -10 90 -9 -73 51 49 7 -20 98 -84 80 
5 -49 -98 20 -28 0 49 78 25 -22 -14 99 -87 59 15 -45 -23 75 79 -35 22 -61 -70 -6 69 68 -2 -64 -76 85 -54 -50 68 83 -29 -44 82 97 -48 73 -95 -37 96 72 -86 -16 47 56 1 99 -53 -88 75 -50 -84 18 -53 91 -28 -87 7 -18 81 -58 -24 -85 -77 3 61 32 43 -58 -63 -88 -57 18 75 87 -1 -90 61 -8 -35 -3 86 -75 -65 86 -67 -97 -73 48 97 -72 5 -56 5 85 91 -47 
37 -41 94 85 66 -76 24 49 -9 -11 9 -39 46 -57 50 -4 -60 60 -80 -9 26 -67 81 1 -87 79 -27 -70 -30 17 44 35 -40 33 -82 -83 -22 -6 58 -57 -17 -91 14 61 58 -40 59 -35 -47 7 -28 -21 -16 50 18 96 29 48 -86 -17 94 80 -67 5 -8 -34 14 60 12 66 3 -9 28 36 -26 60 8 -4 -51 -44 -100 87 -84 -13 49 -47 -32 -3 5 -39 -62 23 -70 -30 3 -56 -84 -24 -30 -3 
-55 -6 -78 58 -54 86 31 26 -35 -75 -62 33 -75 -30 61 -91 12 54 -71 35 -80 -1 68 -76 96 -82 -100 -57 -64 -18 -91 33 -61 90 61 -71 50 -71 -96 -100 78 -6 54 39 9 8 76 -50 35 -33 23 -36 55 -29 -33 7 -26 90 -11 -85 -79 -12 -47 3 29 -9 -35 -40 1 97 21 -17 -3 30 -36 -79 12 32 -97 -72 31 -1 -86 68 -17 34 -38 -1 2 17 48 -22 77 79 99 79 -33 49 -99 -85 
-73 -83 -27 75 77 41 98 -17 80 28 56 -27 56 58 -51 -52 41 -37 -67 -25 36 -75 34 42 13 8 -14 50 90 -63 67 11 12 -29 88 -21 80 -23 -74 -61 24 91 42 39 52 -59 96 -39 15 64 -76 42 -74 -31 57 94 39 51 -36 -61 95 -57 65 -60 41 95 -10 82 27 69 -59 50 -53 19 72 21 18 75 -62 56 -40 -13 -50 90 -17 -80 -78 47 -34 -83 -24 8 -55 90 -80 -25 26 -83 -55 31 
-26 -91 89 13 19 -99 -31 -48 -66 -83 31 -96 70 57 -58 66 -34 38 3 -51 -72 56 63 -58 -31 90 -78 20 37 27 -26 -66 77 -79 -38 -28 -94 67 -89 43 68 -8 55 81 94 98 27 72 -3 5 -47 54 -33 73 -93 -99 -87 -77 -64 29 -46 39 52 -96 87 57 61 58 -58 52 89 -14 33 -77 -24 -88 -4 20 59 20 67 52 -18 -74 49 83 65 70 -38 -24 2 83 39 79 -65 3 73 -44 -51 48 
1 98 63 62 31 -4 52 2 -24 84 -8 -24 86 37 6 -6 70 -37 -74 9 -63 35 -20 -28 -44 -72 -31 68 64 -2 40 20 96 -16 6 90 19 -15 -75 5 -90 -28 -54 72 -16 56 54 -11 -51 -91 61 -21 38 -23 -88 -84 -48 80 12 28 62 -26 -26 -49 -84 90 90 83 44 45 -74 -6 79 -73 83 -77 39 -77 99 -78 -5 -10 33 -50 0 85 34 -23 -77 89 -25 2 -77 75 60 57 36 -3 0 92 
-100 -7 89 5 3 -79 66 77 -25 5 -50 15 -45 -62 -11 7 -37 -70 -90 92 -70 45 -93 74 12 83 -30 -100 79 24 47 -89 66 -78 5 -41 65 -53 30 17 9 -37 -86 -76 93 29 -43 3 -99 -11 85 43 50 33 -79 60 -39 8 96 87 -16 -1 -17 27 -8 94 14 18 97 -57 -68 -38 40 -50 30 26 67 20 -17 -60 -46 -84 26 -42 15 -67 -54 -6 23 -99 -22 -65 46 -97 -16 -60 -40 -95 -69 -36 
64 69 -16 -48 75 70 67 36 -94 0 34 2 -67 -88 3 -34 48 64 -37 26 -97 -100 92 -46 -59 -85 -59 -55 87 -58 43 24 90 -58 68 -53 77 -86 78 -72 -58 -42 -31 -64 -78 -86 -89 -47 -21 -81 -94 84 6 13 -81 18 1 -72 -55 -16 -88 25 8 8 -97 10 -64 -19 -96 20 -79 -4 -71 -51 66 78 83 -35 61 48 96 83 -72 38 15 -45 -84 -59 46 8 -96 -11 81 3 35 -82 6 18 -88 -73 
19 -59 66 76 -71 -60 -76 67 51 -41 -38 -41 44 -51 88 -3 -83 79 -5 55 79 94 -38 97 -70 85 96 -93 88 40 -81 34 60 -86 -55 45 96 56 95 -51 -95 69 71 -87 89 94 -73 -36 23 64 53 58 -27 28 16 -71 47 34 8 82 -65 -51 -71 -30 50 -46 -68 3 -97 0 -72 60 76 -48 24 32 -46 -13 49 -16 82 -31 -6 -14 64 -6 -4 -52 -100 10 -52 100 -19 -92 -89 62 86 -59 77 -70 
-10 -33 50 -78 49 40 -90 -100 -48 -16 73 48 -43 -46 -83 -33 -10 95 20 20 60 79 82 68 1 -20 -55 74 13 51 1 27 -85 -74 91 -96 -28 -91 65 19 11 -79 -61 21 0 -43 -3 -50 97 45 -70 25 82 -50 -25 38 -49 -51 -24 -82 65 13 -58 69 -27 -91 8 8 82 -28 -7 76 -19 -48 31 -1 10 74 20 79 -35 -87 82 -35 60 5 17 -32 -19 82 89 21 -65 -51 -42 -98 23 88 -67 -13 
22 -45 -53 7 78 -64 70 81 -41 99 25 64 31 -95 -96 82 89 28 -23 -56 -99 -39 -18 -50 39 17 -94 -94 79 -55 73 -18 62 48 22 -59 -57 95 33 17 -29 -16 46 -6 77 -70 74 18 -5 -58 48 80 60 -79 -87 64 100 -92 11 -12 95 -71 98 53 5 -40 32 -20 97 79 -49 -35 88 22 90 -68 -81 35 -82 80 -18 -60 -10 -7 94 -64 -67 91 -72 59 18 -62 -46 65 -52 -62 -40 2 39 -21 
-60 25 0 -5 -8 81 14 -21 -11 34 -45 81 -89 -6 -26 77 69 24 89 -45 -80 -76 12 26 -1 89 -73 -24 -29 47 -88 -58 55 1 85 -56 -70 51 39 -24 -73 41 85 59 74 -19 42 32 26 10 67 34 -18 9 91 50 -78 65 29 -89 -63 -6 92 30 -93 -26 25 28 -76 63 -8 20 77 81 -92 64 23 -81 23 88 87 86 8 -96 -12 -37 -36 -88 -55 -74 75 -18 79 -88 -80 70 -25 17 72 23 
91 82 96 -31 84 42 -91 -97 80 -45 73 66 -7 26 -92 76 69 43 -23 97 -42 19 -97 90 99 -79 -67 46 57 -40 -18 21 21 -78 -25 48 -60 96 -37 23 96 46 -16 -25 -8 -33 -7 -81 -5 11 14 -85 0 -11 72 -79 -92 24 87 -71 -79 16 -50 -73 94 54 -59 -12 70 74 30 -33 2 -71 -15 6 72 41 -4 7 70 -92 82 -7 50 83 64 -96 71 24 72 62 58 -13 62 -20 -97 70 59 -82 
-69 11 71 -27 -73 -25 77 -6 1 -48 50 -90 50 95 63 40 97 -15 45 64 -90 4 -93 -64 39 -81 -26 59 13 -57 69 -83 18 -42 95 -88 29 59 -53 -72 -4 89 -53 -89 15 64 53 0 22 16 20 -58 -10 -31 1 20 -99 -31 -53 12 -79 -58 -93 35 69 -34 46 -22 68 -44 85 -53 -13 -29 44 51 -15 -56 -95 63 52 -79 -97 -14 -82 74 -49 13 46 36 -62 25 -73 -47 65 -65 6 -30 16 -1 
100 47 -57 -6 -39 -5 -5 -2 18 -73 4 25 27 28 -2 -64 -37 -71 -8 -83 84 10 -99 77 27 44 -36 -42 75 -37 -64 -63 -73 92 60 50 34 -23 -4 78 80 -71 8 88 -24 -93 -100 -33 -15 -54 -28 -54 -9 63 49 81 91 -80 35 82 -94 62 -61 -55 -47 -61 -46 83 98 -6 6 -28 -81 5 79 -78 47 13 -23 -78 10 37 69 -22 -90 14 -42 8 -70 -72 -19 -23 88 5 -50 79 -7 -78 58 18 
-31 -7 48 -89 -16 -20 25 -79 34 -16 -79 52 54 86 -12 17 66 -81 91 4 21 93 66 -2 77 -6 -44 -65 -16 -12 -86 -49 29 25 99 -51 63 -95 55 -3 -57 -15 20 16 -75 -17 52 -65 -80 -40 6 -9 9 17 43 -27 -66 56 -10 -24 -82 -81 -50 -77 -42 92 -54 -74 45 80 38 -55 100 -21 -21 86 -15 -38 66 31 -43 69 34 42 43 -71 84 40 76 15 60 62 3 -45 29 55 25 -7 80 -91 
57 31 75 99 -53 -35 -35 88 -20 51 11 -52 34 11 36 28 -65 58 43 -53 -52 -16 67 24 58 35 -18 -61 -69 48 -67 -23 12 -100 -65 -97 -73 54 39 -80 24 52 11 17 1 64 74 -4 11 -7 2 21 98 -92 52 -32 60 64 -66 83 33 58 -64 -100 25 -19 -22 90 78 -13 -37 -67 -70 -9 43 30 -43 6 -52 18 61 24 34 10 80 -26 -11 -98 -70 -77 -56 -78 70 99 -84 -40 19 -10 -27 79 
-81 4 -96 70 -14 30 -72 -3 8 -38 -27 61 -81 -86 1 -5 7 -80 2 -60 -86 -26 50 -32 53 -8 40 17 33 -9 -67 -69 52 76 58 -93 -71 -23 -88 -23 11 -12 -61 -62 44 -70 67 100 51 -61 49 -81 -4 62 82 24 -62 86 -25 66 60 -57 36 -61 51 -69 53 3 -70 37 25 13 -73 -49 45 12 -20 61 17 43 -2 -52 17 -78 -68 -52 48 1 12 11 21 -42 -9 0 -22 99 -6 79 33 60 
71 100 87 91 -18 -88 -93 96 -58 -52 21 8 -91 1 -44 -84 64 70 93 -44 85 48 40 43 -15 59 50 -58 8 23 -14 87 -100 84 -99 68 -43 33 75 -8 55 86 -3 6 -68 -13 4 90 51 -88 -21 -47 -18 14 54 -47 -13 69 -98 34 24 -6 -23 97 62 13 19 -55 94 -82 97 72 -35 -78 92 -47 94 -24 87 73 -29 94 5 -98 48 48 21 -16 98 27 71 -39 -43 72 -60 -72 94 58 42 -79 
79 63 7 -82 -80 -13 -89 -66 61 -79 -60 -49 86 2 -79 48 -78 -83 -48 -12 -48 40 82 85 35 31 -47 -18 32 -94 43 38 17 -36 16 -22 11 72 78 6 -64 -4 21 -98 -35 59 -5 -28 -69 25 -43 68 -42 37 59 -68 80 -95 -50 -46 33 86 -46 -94 -99 89 -19 -85 -39 57 55 17 -77 71 -49 64 49 77 -96 -20 -41 74 30 70 83 81 -97 -62 90 -15 -50 -2 75 -62 -42 -56 -73 -97 -90 -26 
98 -57 -80 -3 -99 -96 58 76 -13 52 41 -59 -74 100 29 -50 15 97 -38 -45 27 45 -10 -95 56 70 94 0 69 -60 10 33 -7 -99 -28 20 -18 -96 -73 -20 -16 -88 -96 9 4 87 67 4 -27 7 63 72 -42 79 -93 -4 10 77 -42 -69 68 44 96 -57 -55 -67 -97 -78 60 94 -50 -6 -50 81 72 10 83 84 37 73 -86 -69 -56 65 70 -31 18 -42 -72 29 -48 0 -6 -90 -14 24 -24 -26 4 64 
69 66 97 -59 -57 40 -87 32 -81 -18 83 -17 65 68 -32 80 19 -36 57 -27 -9 -13 44 69 70 -97 -20 76 48 51 86 -9 -9 72 61 -80 46 -57 -44 5 -18 25 74 -63 77 -57 78 45 51 35 31 49 -25 -73 -57 31 39 -64 -71 92 44 98 82 72 29 -29 13 97 0 -85 -30 32 89 89 78 19 19 -90 -1 23 -88 -67 4 -63 72 60 81 16 -19 6 -60 -41 16 -84 -55 26 21 -8 38 13 
-68 -56 44 18 -85 50 -97 -70 95 9 43 -22 -100 -42 71 39 2 9 73 -20 68 -87 52 67 57 -52 74 46 -75 -30 90 99 32 -84 19 -25 -77 -31 -72 49 -62 -47 79 29 90 44 33 78 17 43 -36 -46 -36 92 86 1 -36 49 -31 -80 34 30 54 81 36 -68 73 37 46 4 -46 100 -21 -92 -56 27 72 81 -59 88 16 71 -9 -20 -6 97 -13 37 35 23 -24 -67 58 -44 43 0 -86 96 -85 -40 
-83 -59 80 85 28 -53 18 -86 35 -80 82 -64 92 -66 32 12 -98 87 -77 89 -36 -77 -32 94 100 82 67 -99 -5 21 -33 -4 0 21 -10 62 -38 -45 11 70 96 -29 22 -28 24 7 -48 39 66 -44 -94 49 -85 -16 94 -3 -73 46 -14 75 89 80 76 18 90 -40 90 -50 -5 63 89 -32 17 47 -71 15 -98 -46 69 16 -56 96 -1 -54 -29 -98 -30 53 -97 -39 -22 -83 -34 -91 51 -71 -17 -46 -86 -78 
-19 12 -67 -27 -90 42 -85 -24 94 27 56 -54 -78 29 -98 83 9 -98 -59 -21 -46 -21 -92 -15 74 -15 35 19 35 70 81 -37 26 -44 32 -91 -43 -85 86 -9 -86 98 24 60 -17 77 -7 51 -14 98 2 66 59 10 57 8 -85 15 -44 91 78 36 56 -8 -31 84 -99 50 -66 -97 -48 65 62 -45 86 37 -51 -74 -43 57 16 -15 64 -31 58 -74 -61 -15 76 -93 55 -49 -91 -64 97 27 83 61 55 -30 
67 -97 2 -42 -45 -69 77 22 48 -18 89 -29 21 -1 -100 46 -25 40 28 93 75 49 -42 29 -96 25 46 22 -41 -41 -47 -43 -67 -43 -59 45 -22 -35 -38 82 14 -50 -22 -76 -98 -60 -77 21 47 -34 21 100 -39 26 -22 94 -19 68 -81 -58 71 3 89 -54 -14 -36 -67 56 -11 -41 4 -36 23 -85 80 64 66 90 22 93 78 64 -46 -46 66 -7 -17 46 -27 7 -36 -79 26 -47 97 -24 -97 -98 -42 27 
44 20 87 -26 -79 6 -93 65 28 -83 -89 -19 -86 25 -55 48 -49 88 -55 74 76 -91 1 16 58 -18 78 10 80 74 79 -98 -100 80 30 -59 2 91 87 -83 -34 -17 56 39 -99 35 95 -43 76 24 -15 -30 66 -7 34 -13 53 -41 18 56 80 -54 -51 -62 98 -31 98 76 -50 0 76 31 -93 -91 -81 -52 -90 -88 -27 49 99 62 -9 -48 11 78 50 97 -17 -11 -72 -10 83 66 33 -63 -16 40 -13 49 
7 81 -91 6 80 75 -89 73 50 -32 -32 62 72 1 40 75 -24 -72 91 -60 -58 -52 -6 47 -15 -63 87 -39 74 4 -52 22 87 39 -25 27 -50 -71 53 60 -84 86 73 -82 81 58 18 60 19 68 31 -45 -81 -32 -72 -64 36 82 5 -94 19 -69 -35 39 83 -41 -73 43 27 -27 -92 49 -5 16 98 58 10 33 51 52 -93 -83 52 -54 57 36 39 -95 24 -48 -62 -99 45 -49 -15 -37 81 47 37 -13 
-77 33 75 -93 15 -26 -93 99 48 96 -23 50 45 -33 36 48 -74 -16 32 84 -17 -5 -13 -85 -62 -69 55 -53 36 44 30 -60 -30 -76 -52 -64 -36 29 36 -26 39 45 62 62 71 -45 -93 -26 8 -8 -26 51 -80 -15 -21 2 48 -8 48 41 -90 36 54 80 -22 24 -2 75 -67 65 44 -48 -85 -70 15 -80 -10 -29 21 -89 -31 15 -89 23 -36 -52 -14 -68 38 -90 67 -56 28 66 86 94 92 -85 4 -40 
12 26 33 -31 -37 87 -55 4 -78 -80 6 -41 -94 32 -40 21 -98 79 50 -72 -50 19 14 97 6 -24 -50 -92 76 -33 96 -64 -93 -62 70 -3 -44 -30 -48 -73 42 -46 24 -40 -2 -11 68 -34 70 93 48 1 2 48 29 -68 -59 -49 13 -64 -2 -67 43 -39 62 -28 13 65 -80 -75 -92 47 17 -23 58 -63 -20 29 -30 -19 41 -26 40 89 -81 -11 -35 73 -10 69 73 -49 33 87 44 -88 3 -66 22 -33 
60 -95 14 29 -17 99 37 47 53 -59 -4 -31 -86 -62 16 37 2 -85 67 76 -6 82 -88 7 73 -63 -69 -97 -26 -100 -96 -14 -74 -74 -77 16 32 -77 -68 50 25 -15 -58 -5 -100 -46 30 -51 -57 -13 -2 47 89 -96 54 -19 98 39 -42 64 -59 -80 -60 -23 58 -22 -28 41 16 59 76 -10 -95 -88 58 25 67 51 -7 -60 21 -53 11 -60 97 8 -46 -72 -10 55 -50 -6 -38 -100 17 -78 -42 22 -83 -60 
2 40 39 29 -91 -28 56 84 81 -72 -73 -31 68 63 94 -96 -58 78 -58 -76 -58 42 -62 34 -23 -99 -71 100 31 -100 96 -86 14 -8 -46 84 -60 -100 -81 14 17 56 -4 55 7 -91 48 -19 42 48 58 59 -64 1 -38 60 -4 -9 -7 73 -83 87 -36 -55 81 -98 21 -50 29 61 -10 34 -3 31 -26 -37 -38 -27 56 -72 63 42 98 -38 -63 78 29 21 32 94 -81 -97 -75 -66 22 2 45 21 -26 -74 
24 5 81 -38 -100 -57 -18 39 59 81 -33 -36 -39 -92 -84 15 -51 45 -64 61 -73 71 -5 -86 -56 91 47 87 -98 -11 -45 47 79 0 -71 -55 -37 -63 69 -84 48 -17 13 -20 -4 13 16 -6 66 86 93 78 48 -87 2 41 53 -62 70 55 -89 61 58 60 -92 -28 19 -36 -43 -57 36 -24 -21 58 -41 -51 -37 83 16 22 35 -43 49 87 -23 9 -15 -32 -1 -6 65 60 83 74 51 16 -53 -7 -72 92 
47 28 -64 91 74 -35 63 29 -88 -27 -3 51 -40 -93 26 -70 74 -93 78 -88 92 -34 2 -2 -17 77 -52 -99 -92 -97 -52 86 49 -33 -84 58 -99 11 28 74 73 48 99 -69 93 63 -65 -69 -1 -13 -96 -13 -96 88 -2 3 -14 -1 37 -64 73 94 100 71 -29 -64 79 -28 -39 88 -83 67 -81 40 10 -47 -74 -90 -48 89 94 -87 -13 26 71 -51 -34 -63 45 67 -40 -73 30 99 8 67 72 82 23 91 
-18 -59 -70 8 -34 65 72 46 -59 59 -71 -96 -17 56 55 -33 -58 -86 -89 26 -8 0 14 70 -32 65 -12 52 14 4 -26 7 56 50 -44 3 -46 34 85 -20 -25 -19 28 57 -20 -39 -6 86 -21 -73 86 -33 97 -91 -56 79 -89 -99 -16 -10 21 75 -99 -21 59 -18 -84 -48 72 -14 -78 -26 -5 53 77 -46 68 -1 -4 39 7 43 -16 58 -36 15 57 0 -47 -24 -16 67 37 57 23 40 55 95 44 64 
43 -48 -74 91 -9 23 -38 -2 97 -30 53 -26 76 84 1 -74 -46 -57 55 -70 47 80 50 -54 71 -95 96 -59 -48 31 -83 16 14 -26 28 -39 13 99 -2 -3 97 42 56 -99 -71 17 33 94 22 -81 -54 28 93 -53 14 11 12 4 -20 -81 -46 69 -30 12 96 -16 -38 29 -54 -89 -25 69 -25 -70 -37 -62 -77 -68 50 -50 -40 78 -57 -27 -97 64 -23 94 -13 61 69 -87 -75 75 84 -99 14 -97 88 84 
-80 -30 9 21 4 -82 78 -73 18 46 -89 34 -82 -27 94 -8 -39 62 -91 -4 21 14 -61 -41 -64 -87 -9 11 15 27 37 -59 -65 64 -28 -10 -14 71 3 -9 -42 -12 76 15 -6 -14 90 -82 27 4 34 79 -85 -28 -86 55 -42 66 72 -35 88 79 29 -99 91 54 -54 22 48 24 49 -7 -57 -38 0 -87 -65 -2 -64 2 -54 23 -74 34 91 25 -68 39 -94 48 68 -89 -26 16 -23 -82 71 -6 0 -62 
72 -68 92 4 -23 -86 -95 -25 -56 15 -83 -21 5 21 81 -98 -66 -76 55 52 -29 59 -10 -70 -40 -21 62 21 -54 9 41 -96 33 -43 99 60 -33 65 -29 -88 90 -69 -21 69 77 -39 39 -53 -19 -70 39 -11 66 28 -18 73 16 14 -63 67 -14 -7 -52 80 53 -50 -83 -2 -48 48 71 98 -14 10 96 -61 97 -51 34 7 99 -55 13 99 28 18 81 73 29 35 -2 36 -71 -55 3 -79 79 6 -84 -25 
18 84 44 -98 -51 -53 -76 -45 83 67 13 8 0 -69 -38 -4 -61 -50 -27 19 -6 -69 100 53 -6 51 -79 68 -16 -42 -20 -26 21 80 32 -30 -92 82 -79 69 -9 -86 69 96 -61 4 48 -27 79 -100 80 -70 -96 -73 96 17 -42 -9 31 -21 -58 -91 59 20 36 -37 0 36 82 -49 17 34 -89 -48 62 -46 39 26 77 36 76 -75 -15 -96 -51 56 92 -85 39 10 -23 84 -51 -8 85 -33 35 -58 -70 -94 
10 28 48 -33 30 99 -3 43 4 -71 14 -24 83 -85 -99 -87 -73 -70 -70 -100 7 -13 -55 -8 60 45 29 -4 -96 85 69 60 -58 1 -93 -91 -59 -56 -53 71 9 -90 -99 1 90 79 -1 14 99 -98 -61 -98 24 62 48 94 26 -48 93 24 -33 93 18 -68 -75 -33 -8 -13 39 -98 -80 84 -54 95 -69 22 -74 55 96 51 13 -41 65 -60 -81 -3 68 -2 13 38 -51 75 12 23 51 -1 -78 -21 -69 92 
-60 -98 52 -58 37 83 -97 -72 88 -99 -44 24 -32 35 -28 39 -14 -81 -15 9 -27 81 -84 -7 -57 51 -73 72 71 -10 -50 -53 -12 -69 29 -24 87 -83 -61 16 -42 -63 69 19 9 -60 15 89 86 28 -33 97 -47 -87 -26 19 -36 -69 90 -42 94 -29 -61 46 55 40 87 -83 -65 -67 -81 69 -8 1 -89 -90 14 -64 55 99 -40 -58 5 -95 -31 99 51 -44 -2 -77 65 92 44 68 -83 -34 54 -23 -96 85 
34 -79 -66 -81 6 66 16 -75 13 -93 -90 95 -92 -13 18 78 45 -39 -29 -95 -95 91 -52 72 12 -58 78 -11 -54 25 9 94 14 26 -9 -24 -18 7 -66 -80 -84 -43 13 75 55 -88 -23 68 33 96 96 6 80 92 54 -39 15 81 41 -32 23 6 -55 6 11 -65 -87 -18 2 45 35 -6 31 85 -67 -48 -25 -30 -11 2 55 73 -42 89 -92 -52 90 44 93 46 -31 75 -10 -63 24 87 -80 -10 -94 -45 
-30 50 -99 -97 -36 -3 -15 88 100 89 11 49 46 -85 30 89 -78 51 82 22 -77 -12 -48 -8 23 -3 -73 -24 61 -45 96 14 89 -43 -48 -70 -79 -29 83 33 -65 97 -85 38 -73 51 99 14 -84 -99 -12 88 -89 -20 98 -19 40 94 46 52 -95 43 -47 -76 40 -81 51 32 -90 -28 85 -37 3 79 26 72 -41 82 50 -98 -97 75 -38 -65 85 28 -24 77 84 77 -2 42 -27 61 77 -46 -54 -71 38 -62 
-33 19 81 37 72 44 -99 -40 -82 -3 18 -34 55 94 46 -20 5 39 88 83 -11 13 -25 -8 -20 88 76 95 14 26 74 -11 87 52 83 96 53 61 -44 62 79 -17 -29 -11 77 -14 -50 -33 -55 -64 -59 64 6 -17 -97 -25 -75 99 66 -96 -16 62 -64 -21 58 -24 -5 -85 -37 -10 -46 -53 86 73 -56 -28 86 -91 -75 -96 88 72 20 38 49 79 -28 -89 -51 9 -89 71 -73 76 -49 80 63 16 48 -35 
51 -31 -77 -16 100 -16 -95 -18 -9 71 -63 -86 98 -31 39 30 60 -17 56 -39 -89 -18 6 -12 -72 -67 -60 -64 89 -14 1 39 -45 64 -94 -62 3 36 -35 -25 -83 -82 -39 -49 4 -88 -4 -92 -56 48 97 -89 88 91 -59 36 -15 46 20 100 -82 35 38 62 1 82 71 40 42 72 -62 -59 45 58 -10 95 100 -79 43 -78 -34 78 -25 -48 -92 6 64 -60 -96 23 36 -32 -53 -86 -37 87 -95 -22 76 38 
-85 12 -3 -15 57 -51 -56 -18 3 78 -14 -9 -42 74 8 -98 -52 -75 -100 -58 -72 -96 -39 2 -1 93 -3 -61 23 11 -27 -36 51 -79 48 -94 78 18 -87 -61 -36 68 -37 -35 90 -84 99 72 97 -76 66 24 63 -35 56 -31 -93 -68 -81 75 45 -79 -20 52 -65 5 2 -4 39 -6 -53 -78 -14 26 91 34 -8 -2 -4 26 31 -2 77 -61 -47 -30 -70 74 88 -44 5 37 -14 -56 5 -44 68 89 93 12 
52 -63 59 27 49 73 50 22 -80 -97 30 13 -71 -8 16 4 31 -76 -79 27 -77 19 -49 13 41 -74 -93 -13 40 -90 -37 60 -45 -59 35 -96 -1 73 -54 -54 -82 81 68 -66 92 48 13 28 -86 83 -9 11 86 42 -1 26 -75 61 33 -15 -96 62 9 -46 -6 -19 34 80 -88 -2 -47 71 77 85 28 39 70 -33 31 68 -34 21 -87 -72 90 14 55 97 -99 95 65 -92 14 -74 37 -43 70 -3 80 -26 
-29 84 88 94 3 81 -99 -1 90 75 30 -87 -62 57 -24 -14 62 40 100 -30 -61 -39 21 17 -45 -68 80 73 11 -76 8 -90 -61 -99 62 7 38 -79 -80 18 -45 -64 60 92 -35 84 74 -63 22 -33 53 -84 -78 -79 14 -44 15 79 54 20 69 63 21 -85 -54 -9 85 -89 -53 69 -75 40 42 23 98 -35 -30 -34 72 -72 -54 39 -71 -45 15 -38 -91 81 -35 93 -79 -82 80 65 -67 57 -82 9 -16 18 
-60 -3 23 37 -67 -97 -72 -5 70 9 -74 -4 60 78 35 -13 1 -23 7 -28 -72 -3 -1 17 19 -26 -13 73 0 28 42 11 -49 71 71 -33 -19 8 -55 -28 62 -61 -79 -1 38 -27 11 -86 1 15 86 -14 -65 -55 15 -54 -92 53 -35 -26 85 40 95 81 -26 -57 1 -76 32 32 1 -40 -95 87 -82 -6 39 24 70 -94 49 39 27 12 -71 -22 3 96 22 26 68 46 62 4 -61 -99 66 9 -71 26 
-47 -88 -12 -70 -55 -8 25 -99 -53 -70 -67 -28 -90 76 -41 -90 58 -88 28 -59 -87 -81 15 -35 93 61 -60 -80 63 18 -87 -9 -5 -79 -72 90 22 49 -83 57 48 -55 89 31 -36 37 -4 62 -7 86 -50 2 39 -71 -93 14 -65 -18 -33 94 6 29 14 -87 31 96 18 -3 84 -3 -91 21 -73 -20 -72 -72 -96 71 27 -90 16 -20 -13 -61 90 57 -81 -41 -37 10 -20 27 9 -12 -80 32 43 18 -35 -93 
64 79 49 -93 39 93 86 -43 -49 98 -94 35 -22 22 4 -17 -90 2 -51 -94 5 67 -27 5 -55 -37 41 100 84 -41 -55 66 -11 -12 56 59 -58 91 -12 26 32 -84 -87 -4 56 76 66 7 -30 87 73 20 0 -65 -96 73 -3 58 30 39 -73 -36 -45 9 -61 -61 -59 53 -67 61 24 26 19 83 -16 60 39 -85 -32 67 91 -60 -90 -12 36 15 -5 -7 42 -94 -94 51 -4 59 55 -69 74 2 -98 78 
-43 31 94 69 -21 40 -62 -42 -63 -92 89 25 -44 75 -39 9 85 -3 -29 -29 67 -53 85 11 -10 -90 73 -75 48 63 -88 -85 24 23 -66 -12 -43 91 72 50 4 -73 5 -44 61 -16 -23 -13 -10 -20 95 -55 -71 33 59 99 72 -8 -83 4 65 56 66 -26 73 -97 -40 46 -89 -12 -60 69 -28 -31 -53 -55 74 48 -47 71 -74 -62 -31 73 94 -77 64 62 -15 46 73 79 32 17 27 54 -45 6 54 98 
-63 -62 81 20 61 -76 21 -77 -85 79 -52 13 92 52 40 44 39 -75 3 -89 -7 35 21 -23 -29 -88 52 -45 9 72 72 -58 -57 58 -72 29 36 -90 65 79 68 -19 -42 -59 21 -16 61 -41 66 -14 -41 -78 39 -77 -57 12 -99 38 -8 -89 -91 -44 -96 24 38 76 -72 -66 33 -66 -90 -23 -78 92 -23 -38 -81 52 56 -21 -25 -4 -72 82 94 -61 -97 -93 -93 75 -57 7 -5 -59 -34 -32 22 -39 65 62 
