100 100
-10 51 65 7 59 -37 52 24 -82 -15 -98 -26 29 73 91 93 -45 46 51 88 -90 47 -88 7 3 -85 -37 -10 77 4 87 -27 -75 91 90 56 -61 27 -65 -15 67 -45 -72 -87 1 75 19 83 -30 -61 -82 14 -33 -30 -82 87 30 -47 -49 4 28 57 29 -99 59 -30 -54 -59 73 7 -19 -5 47 -89 -89 -41 -99 3 -15 8 64 7 63 -84 -23 -24 -40 93 -86 74 -1 44 100 -31 25 46 92 87 35 48 
37 23 -74 73 -95 -86 45 92 56 91 -82 -60 -93 24 81 -58 17 82 27 -59 -91 81 -2 48 -88 -47 -20 86 86 -92 87 74 -70 -45 1 -56 100 -80 -8 68 18 34 3 9 -30 57 -72 39 85 -73 39 83 -15 12 33 57 40 -93 -36 -48 -12 -68 -60 49 79 -98 -26 -44 -37 -66 -12 48 -95 62 16 -77 -63 81 16 -13 86 32 89 -14 8 50 -15 -30 -85 -72 -43 35 -86 92 95 78 -95 4 73 63 
-81 62 89 74 -20 55 76 78 82 -9 -91 -29 59 89 83 82 37 32 -74 -22 -51 -98 76 29 -77 56 32 -38 5 -12 -3 -98 -53 14 -40 55 -23 -24 100 -67 51 61 7 -58 14 -81 86 -30 97 36 -70 2 -77 46 67 73 -88 88 -63 -36 53 -92 -22 69 -76 28 -97 -46 -71 9 -50 -83 7 -37 -45 2 29 91 87 11 61 8 -16 10 29 95 59 74 -85 70 -21 24 100 73 15 37 -41 78 -52 -61 
-10 -29 -12 -1 -40 93 -38 -86 -58 -10 -56 22 -92 -65 8 -77 -58 1 20 -81 5 -81 67 28 -67 -57 -55 -5 79 -72 -5 85 -68 -41 23 -74 -41 -95 -47 -75 -73 -41 -4 -41 0 -87 54 -47 -100 50 -7 56 89 -53 38 41 -68 86 76 -73 26 -8 -69 -49 43 -60 95 68 -81 72 35 95 79 85 9 -47 -89 26 86 51 -22 -50 -86 -100 80 -91 -100 33 82 39 -7 -18 -87 82 11 -4 -20 89 -52 -19 
4 -56 0 9 -46 84 -60 -45 -17 29 -16 -62 -28 -31 72 18 24 2 -70 86 -96 36 29 17 42 67 57 90 21 31 13 75 47 17 45 -3 77 50 89 73 -87 87 -43 -100 -73 8 -42 51 -20 -94 -46 4 79 18 71 67 40 -10 -11 -62 78 66 57 97 -72 -20 -6 -24 59 32 5 -42 -41 46 -39 -7 17 73 6 -72 -94 87 -83 -90 -92 98 -11 -64 5 22 -58 29 -3 4 53 80 59 -8 -95 -28 
79 87 10 37 44 18 26 87 99 -28 24 -78 44 -88 70 -100 -7 -55 78 -68 -52 -24 76 0 93 96 -23 -92 -59 -8 47 24 -75 -86 86 22 26 -7 65 14 -92 -69 -96 -57 4 -96 89 -44 -90 -79 87 90 92 -11 24 68 -11 -91 -30 -72 -17 40 11 44 40 69 87 95 -40 -30 78 -8 -38 60 75 -47 -10 4 -40 -26 -88 -13 -11 67 -37 -3 33 -64 -39 -59 -14 68 -42 31 47 -33 86 17 47 92 
48 73 68 42 -69 15 -67 61 20 -70 86 -98 2 14 60 78 63 34 68 51 -37 -13 10 65 83 -36 -45 88 99 -81 65 -2 -4 -78 74 -60 42 -40 -37 38 5 3 -43 24 -35 -56 19 61 -66 -21 -58 79 55 71 89 39 -67 36 -10 -7 79 -11 1 -39 -86 95 32 16 -16 -70 -60 97 86 97 -77 -93 -34 -6 -23 -24 -68 5 -29 -17 -97 44 -93 4 98 57 -17 -23 48 -51 93 -54 24 43 72 -87 
-82 19 42 76 -32 35 61 -41 -30 -24 75 -53 -72 87 48 98 64 67 -57 5 86 -74 4 25 9 40 -21 65 -15 -92 -97 15 63 -79 20 14 5 76 59 -16 56 -53 -16 17 72 -40 19 30 87 -12 -67 -86 -47 -92 36 -20 79 -67 12 86 -30 -78 -52 -11 31 50 59 -36 -14 31 -31 2 40 98 89 -28 -3 -71 -15 -88 -76 -65 46 74 -46 -32 61 15 -39 53 -11 0 -86 -43 -53 -77 92 68 35 14 
-41 91 19 26 -8 -28 -75 53 94 51 18 -100 -69 -13 -89 59 54 3 35 45 -100 -69 -9 -81 96 15 50 -77 51 86 -40 -73 -96 39 83 -63 -65 85 63 32 -61 52 82 31 40 37 -37 81 51 -57 41 63 -88 -49 -79 20 -67 -35 70 -39 99 84 -36 -55 77 -15 -49 3 62 -19 25 64 -28 34 81 76 40 -47 -18 -11 31 25 71 32 89 63 -54 49 13 -30 84 -27 -23 69 -89 76 8 23 13 84 
-55 -100 47 -38 85 -11 -19 50 -68 12 27 97 -99 -38 22 3 53 -34 82 98 36 -34 87 27 52 93 -29 56 4 41 -80 21 -25 47 75 59 -76 3 -27 -18 -49 -35 65 99 -47 -42 58 89 46 -90 -91 -20 -82 -24 9 87 55 -92 73 34 20 34 81 -62 51 54 6 -42 79 -63 13 33 58 -33 -46 -96 49 0 -7 45 97 99 -57 -17 82 -95 28 90 -10 97 -89 -52 -19 87 -8 94 34 -26 -91 -51 
-93 -47 -70 -87 -83 19 75 -47 -44 13 37 77 28 28 17 -23 -54 -59 93 91 -82 62 41 27 -43 14 96 100 -81 63 43 94 33 64 -82 37 -77 -29 -85 -28 -3 43 11 6 55 -11 46 76 60 85 -7 -35 -54 20 59 88 -43 -14 6 77 100 25 -23 54 -80 3 -33 44 100 80 -88 -82 -55 -34 -57 94 -59 34 -60 66 16 -85 8 86 -90 -67 4 81 43 -21 -91 -84 -61 -84 57 86 -47 -92 -81 31 
-16 -20 79 28 -47 -73 72 98 -84 -34 -65 -96 -59 -6 -41 55 -36 -63 -99 93 48 59 -100 72 -52 12 55 0 56 -95 79 -69 34 -30 66 -11 -13 75 2 -55 -88 -12 86 98 47 23 -37 77 75 35 -96 77 -14 64 100 -5 -56 -88 -26 79 76 -88 -5 54 73 96 -28 54 -15 -79 -64 90 -67 6 96 72 68 -89 -75 9 -53 86 -24 -62 61 22 -49 19 63 -83 50 -27 -28 89 -76 84 40 -73 19 -85 
-3 59 -58 0 54 -57 46 71 -40 -84 -41 -96 90 -31 21 -59 19 -77 -37 -44 -27 -80 10 98 37 -13 52 78 64 44 -16 -26 73 36 -71 -13 70 50 7 14 -82 -59 -80 39 33 -6 -25 54 67 64 -67 36 70 -80 -63 -7 17 30 -47 -23 27 -16 -73 47 27 60 -94 -100 -17 62 -50 95 59 -55 -52 -75 11 -47 60 -30 62 -33 -89 -41 -8 -13 88 80 11 90 31 -7 -49 62 1 -30 -33 -23 2 -73 
-57 69 -63 -96 21 47 -75 53 7 -71 -63 76 -40 -5 18 77 36 -4 -55 98 -19 2 73 43 3 -66 -88 87 96 -6 91 6 -16 -31 -50 36 53 70 -99 61 36 38 -62 36 51 -33 -97 55 9 -45 14 78 9 -82 -47 -19 39 40 -10 -60 -100 100 -34 -76 -83 -95 -32 -55 -90 36 3 -45 -16 7 -67 66 -86 -92 -81 62 83 -22 -77 87 -48 -40 -21 12 82 36 -31 16 -94 -91 -8 80 -85 -42 -99 77 
-79 24 33 12 5 -52 97 61 79 -9 0 -20 43 31 24 73 20 88 -4 81 42 65 94 91 -37 -31 62 78 45 -34 -7 89 -58 -51 -29 -13 56 -44 81 -71 84 -36 24 -73 62 98 15 54 -90 -78 -78 34 48 61 55 65 95 21 -43 44 -89 75 -38 -15 -97 -86 -60 78 88 57 -74 -63 65 -75 -94 95 -55 31 -12 -15 -58 -36 -12 -36 90 -62 -40 -7 -65 35 41 -11 -44 79 82 -13 16 0 25 -47 
82 -81 53 -92 17 80 90 -44 -68 -80 8 -64 -93 31 -7 21 61 -47 38 2 78 -52 -26 -43 9 -78 -54 12 84 -65 -6 -29 -86 -16 -18 -44 -99 -100 84 -80 -57 -8 52 73 80 98 -46 72 30 -8 -9 36 90 31 70 -88 -40 66 77 -63 18 -55 28 37 -74 82 -11 66 48 -86 -74 13 -80 -68 51 39 -51 -91 58 -64 -41 -47 48 75 -96 38 91 -32 0 -29 -11 52 80 -84 85 35 -93 88 62 2 
36 22 -78 52 55 21 64 -60 -48 71 17 -19 33 -65 -100 -86 27 -63 -21 -94 27 44 62 77 69 -58 13 -48 97 -58 93 -62 -33 15 -33 -69 -72 -9 42 68 -32 27 54 -97 24 3 -17 60 61 34 -73 -20 -64 99 -39 -56 -61 -100 30 -20 -42 -8 76 18 -46 -21 -49 48 14 91 -32 43 92 64 -12 -100 64 -15 43 11 -33 -67 50 -44 21 94 30 -82 -21 -97 9 -35 -44 -82 -99 -30 6 -95 -78 89 
8 92 -87 58 -1 71 -57 85 -41 57 -82 -9 -32 98 44 59 -19 -60 27 -23 13 -9 41 -18 -18 27 -69 -9 42 -17 -13 -40 -10 88 -13 4 -33 -16 86 44 89 83 -98 -41 63 33 72 -36 7 94 -74 -9 45 67 96 11 -28 64 -43 -68 83 60 -63 -80 96 -31 46 6 -19 8 11 98 56 40 58 -77 -58 67 41 51 -3 66 61 67 -73 69 -98 35 19 -45 57 19 68 25 58 -91 12 60 -19 -10 
-19 45 -25 -25 -68 -19 -64 -40 100 3 74 -18 52 13 1 -9 -4 -32 41 -49 17 -41 -73 38 51 -54 -12 34 -46 -49 18 37 -72 -53 3 65 -95 57 -51 11 62 49 -82 -71 -38 -19 -44 14 -10 22 -26 -23 95 -82 -41 30 99 60 -65 -95 -73 -37 29 66 -82 -89 -71 68 21 -25 32 57 -99 75 -25 5 -55 87 -19 -75 -47 46 20 36 -15 39 68 -90 26 80 3 2 11 19 98 99 -9 92 50 -4 
-12 32 -68 64 91 13 15 -6 -39 63 -48 -97 -58 -19 -77 100 54 31 -83 -8 -75 -53 89 22 66 26 -19 39 43 -68 -51 -10 -80 39 14 -81 -21 34 -8 -51 -47 4 32 71 21 65 -48 -10 -75 -71 60 80 -78 32 72 -91 -27 -90 20 -93 79 42 80 -14 -98 -99 45 89 31 -40 -69 -86 -33 18 60 34 -14 15 -58 -99 -39 72 45 41 49 -69 93 -47 -74 -31 49 79 85 -92 65 -67 -2 100 -36 -42 
68 -23 55 -14 -55 -84 47 -25 90 46 1 -76 -70 -55 72 -67 -66 -87 -99 -74 -30 -63 -99 7 68 23 -93 92 36 -7 31 100 25 37 -98 -95 -78 -59 46 42 -5 -72 86 23 45 -49 36 12 84 72 8 76 95 -47 -11 -44 24 24 1 -10 32 59 36 77 -81 25 -95 -95 -10 70 66 45 8 -88 -47 -88 89 -11 41 92 48 56 45 -80 21 82 -81 -90 20 84 76 -10 -79 -55 92 -2 3 0 1 -100 
60 -24 22 -43 -85 -99 30 -21 100 -20 -75 69 -49 94 78 11 74 -6 100 48 -70 -10 49 63 -49 57 -22 -78 -99 38 -6 -65 -84 2 -62 -6 93 17 -40 38 -15 100 -10 64 44 -49 -23 4 -55 28 8 92 17 5 100 -96 86 56 -13 16 28 22 -91 -29 56 -76 27 -2 19 44 -39 -64 48 5 25 -35 75 -6 -86 -22 55 -68 -54 45 92 32 -29 -50 90 69 -85 -35 -63 46 32 -13 -88 -85 -70 71 
36 -53 18 36 -15 60 64 -45 86 -34 96 23 0 -72 -58 63 38 16 81 -42 -56 -59 -20 -79 -47 77 16 -47 55 8 64 -64 69 -91 -100 -40 -68 -63 -2 13 -18 6 71 53 -52 5 -11 -84 40 28 -98 21 -96 -89 -61 -69 -80 -8 -88 -78 -22 -2 36 -87 41 -48 31 64 -75 -16 22 13 30 32 -78 8 -61 71 -78 74 89 -79 79 -66 57 -99 -32 -83 -82 -36 -31 -61 93 -89 -80 41 44 -6 4 -26 
-7 -1 -74 -46 52 80 90 5 47 -98 29 -15 -14 30 40 7 51 -57 -43 -15 78 64 -44 -88 83 1 35 8 -75 95 -88 -75 61 -70 88 18 27 -77 -31 -48 58 -98 -6 -97 59 53 86 64 -65 -74 29 30 44 -62 -69 -26 -90 100 -85 22 10 -2 59 51 61 24 -95 58 64 18 -24 64 42 96 31 -68 43 -70 79 8 -9 95 65 -31 -8 22 6 -89 -25 3 -36 33 -63 23 62 -29 10 -5 -91 74 
-18 -79 89 -21 -40 -100 68 -26 94 63 -59 21 -44 50 29 24 5 -54 -30 -26 37 84 -11 13 46 -55 44 83 68 -81 16 14 61 36 -25 66 70 -47 70 -11 -57 -3 -74 66 36 -83 -63 -40 74 -8 -87 -82 -31 -34 91 76 -62 100 -11 35 -52 -14 -24 -77 -56 90 79 25 30 82 -96 -96 7 11 36 -80 71 -79 -43 53 10 38 -33 17 -40 -70 75 11 59 -76 23 -65 -41 -88 -93 -67 -13 8 -36 -11 
55 31 -74 56 -76 59 4 -48 -1 -36 -29 -67 29 -23 -76 44 -88 2 93 63 33 -3 92 -50 -45 -98 -45 46 -54 -57 66 -66 -47 73 -5 80 -26 -29 -66 96 -72 97 -64 -92 7 -95 -100 -36 -49 62 -74 28 -23 -80 -69 87 -77 -97 -82 86 -33 80 -55 -5 95 52 76 44 -88 1 -77 -22 -14 30 -63 19 -30 -20 -69 -91 -44 47 -26 -65 22 73 68 1 11 -21 99 93 86 54 -73 -21 -25 -23 -37 -58 
20 43 89 10 16 62 -83 29 -9 13 45 9 16 80 -75 -84 68 -16 36 67 98 -87 2 -89 79 72 37 94 86 -61 -51 100 -93 -40 -70 -31 62 57 29 -27 -9 -29 93 2 1 1 68 18 -78 48 9 -99 -84 -48 76 3 -31 68 13 68 -23 -16 -37 86 72 90 -65 -2 -49 -98 89 -51 -75 31 28 97 -1 -21 94 20 -38 -17 -17 40 -86 53 -73 -3 -67 -14 89 79 78 -84 -95 -77 -100 9 53 -75 
99 -45 -78 -78 -92 51 -97 -49 53 38 76 67 -4 -36 60 -28 -40 -41 71 -48 23 -6 -9 72 94 -35 -75 -76 -74 63 -75 79 54 33 18 -50 8 76 -16 44 -21 28 25 50 -12 63 92 10 40 -4 -51 89 40 -7 93 -34 56 49 -86 9 4 -38 -94 -49 -83 56 24 37 91 -16 78 10 -34 59 74 93 64 16 77 99 -32 -20 34 45 5 -11 -75 15 21 51 -35 -70 -80 56 76 28 -3 85 19 -12 
-74 -70 -51 -88 57 -35 -41 53 9 8 36 70 82 14 60 7 -9 -39 -27 43 -26 -79 95 -40 -28 70 45 -92 -32 79 -37 18 84 -89 53 -5 -33 -89 -66 -24 -27 -100 85 -25 -55 -66 -24 7 86 2 -38 16 -28 -66 -14 63 -66 -76 -38 61 70 1 -31 -83 19 -68 74 -48 49 5 96 -6 -26 -28 0 -99 26 -77 -14 16 25 48 -45 -58 63 46 78 -81 -72 -12 65 -90 -82 47 99 100 98 -25 -91 -50 
2 15 75 97 -81 -81 7 77 88 27 98 -40 26 -73 -3 -20 30 79 96 37 -91 58 -81 -30 76 -82 -78 57 68 56 24 89 -68 3 -42 7 31 57 -91 -33 -61 -87 -39 79 1 -15 -65 74 97 89 98 1 -59 -27 7 37 -96 90 -81 55 42 -94 -7 -19 -86 -70 44 63 -57 44 46 83 -67 67 -87 -6 36 -19 61 55 11 -4 74 21 36 -28 82 28 65 -41 29 -46 -33 84 16 57 -89 -22 79 35 
78 72 3 93 -85 32 26 -92 -92 -18 -69 20 -75 -60 -56 68 70 -8 33 -30 36 97 91 67 -58 47 8 80 86 23 -43 49 6 -92 55 -55 -48 -60 -93 -40 56 30 -93 -70 -64 -5 87 -96 93 -90 41 -71 82 0 65 6 30 71 57 41 37 -44 -95 75 50 -64 14 78 -38 -1 -79 87 -1 -65 33 -24 19 44 93 -22 95 93 16 33 85 86 -38 62 50 -43 -98 91 -72 73 -21 91 -91 -97 41 38 
-65 99 -6 -100 66 89 -27 -67 27 32 -40 67 19 -13 -12 -11 -7 -12 5 58 11 36 77 40 2 -24 31 0 -82 32 -73 36 -88 -79 -64 -16 -69 56 60 31 -74 -48 81 -92 -80 85 -98 17 84 78 -43 -53 -71 5 86 45 -71 -46 50 12 3 -80 59 -42 50 -30 43 -27 89 15 -26 -8 72 95 30 89 24 -48 11 -10 -23 8 59 26 79 -97 -6 -31 52 88 85 47 48 65 88 58 75 11 97 23 
5 91 -38 92 78 -39 -4 94 -30 1 25 46 50 15 -3 -49 47 -34 -10 14 -8 -71 23 33 77 49 -40 6 -91 84 -31 -74 26 46 80 -36 -5 -21 84 72 51 62 5 -52 57 94 -42 -46 -57 -58 -57 72 67 52 -47 -94 57 -65 -5 -18 57 64 -25 88 -23 -79 -34 -95 -54 -2 34 39 -84 -42 -3 91 -18 -94 99 13 -24 86 -44 -75 50 98 -55 -54 59 -75 52 -22 19 7 77 32 7 -25 24 99 
-12 -55 81 -49 -92 91 27 80 -74 44 98 43 -1 -89 30 72 -55 -13 -86 -70 10 -12 25 -9 90 -67 -25 55 27 -15 -86 -45 68 18 31 11 26 -23 72 -43 47 -98 30 -64 60 -20 73 -93 -10 77 -85 27 -3 92 31 81 99 -24 9 -30 -96 -89 42 21 61 83 -67 25 -11 -33 -4 -60 41 46 -67 -55 61 -37 81 92 92 -89 50 19 -64 13 92 -39 -71 78 -48 -74 21 83 -64 -6 -12 -50 84 66 
-94 -89 63 -65 -41 -2 -34 74 -76 52 74 61 29 48 -43 31 -62 -75 -26 -23 27 67 44 -54 -7 -91 -13 61 59 19 -7 -36 -77 -82 -20 -35 -23 94 50 -87 -42 -11 39 -18 28 5 3 7 95 65 -61 -20 91 52 -67 -61 76 62 -81 73 -9 -16 30 44 -46 -37 91 -5 -27 91 18 2 1 -39 90 -49 28 -47 -73 47 -37 -91 -90 -59 -52 83 91 28 41 -83 33 25 3 59 83 -36 94 83 11 -9 
-27 -27 39 -65 7 7 -31 -45 -79 -24 -90 -3 -45 -47 -94 -85 -56 31 42 61 -29 70 15 -37 52 -38 -63 -13 -29 -96 -80 90 -50 -39 67 1 35 42 -32 7 34 78 48 8 50 82 -1 -100 23 -48 31 -68 14 -97 61 -39 -67 -5 -84 -87 83 84 -38 21 6 67 51 -64 -40 -47 -1 73 -52 -55 81 46 97 8 -13 -79 -70 74 16 35 20 -62 93 59 -45 82 59 17 -22 -13 -91 -19 6 5 -40 21 
98 -87 -41 10 35 -91 76 1 -29 -7 59 17 -60 82 -53 32 -13 -25 3 -96 96 27 4 9 34 -11 61 -20 -54 10 -21 -54 -78 96 -73 -17 9 42 -75 74 67 -90 -40 -12 -5 -36 -20 -82 37 3 48 81 40 59 -21 -21 81 -48 86 50 -36 1 -29 -28 17 -78 -26 -89 -85 73 -60 62 46 64 42 59 37 -16 14 -83 -94 -71 14 -32 -97 70 47 -31 -76 -62 13 -26 -44 -70 14 -56 6 -49 81 -40 
48 -55 2 24 57 37 -42 -37 -82 36 87 96 29 -12 -14 -19 8 3 -73 34 -33 -76 -95 -94 77 -81 -46 -27 -60 97 -83 -5 55 -63 52 -89 86 53 -72 4 59 -23 11 53 -92 41 -100 98 -31 -12 31 5 -44 39 84 -61 -84 -4 24 44 36 47 100 -24 60 -94 93 49 -86 -1 45 25 15 -41 70 18 2 -16 70 94 98 73 -54 95 -78 -9 -41 -79 55 -77 -63 4 -98 44 -42 55 -63 62 66 29 
26 33 -91 -84 25 -29 -38 90 -36 -74 -27 81 -27 19 -37 44 -40 81 18 65 -33 -38 100 -11 37 90 -64 -45 73 -6 11 -11 -48 -97 -50 89 17 -39 88 -86 -2 -86 -87 28 -57 -50 -5 -6 -31 90 47 -78 48 14 -46 -22 12 -82 -3 -61 -59 76 -47 77 -56 -37 69 -93 -83 17 30 -89 100 83 -24 22 -5 66 71 -66 -46 -16 -86 -22 -82 -19 -75 40 -5 13 38 -3 95 -27 -95 -8 -19 -14 78 -14 
100 30 -38 -34 -94 -54 13 -71 -99 33 -73 -80 -43 -88 86 -18 -56 -6 63 -44 82 -33 -60 -86 87 -41 -43 33 7 25 14 -3 -71 54 -26 -77 -98 -9 -74 -29 72 -53 42 8 -62 36 -84 15 -40 16 -21 64 52 94 -63 -37 -76 -83 -86 -36 -78 9 -94 -89 100 -12 -94 92 79 99 94 33 54 90 57 -92 -80 51 56 60 90 -10 -35 -22 50 -21 -70 -8 -19 65 -55 16 -72 -81 -80 24 100 -12 -99 72 
37 72 -73 -73 -74 22 -68 15 -74 95 -80 -55 -56 13 -66 74 99 1 -49 -46 -87 91 -39 34 22 -70 63 82 -13 68 -97 -44 67 97 35 -92 60 -77 42 34 -64 -54 -19 53 -29 -32 20 -31 9 -34 -87 -42 97 -23 83 24 -26 -38 60 -36 19 72 64 -31 -36 -45 -7 -16 -84 -53 15 87 -41 56 -94 -90 -13 -94 73 47 -78 19 -9 -9 -80 -7 27 25 -30 77 -48 -69 -38 50 21 15 -90 -14 93 -63 
27 -41 93 -36 43 -25 70 -10 -51 -23 88 82 96 9 -78 57 22 65 -19 -20 -58 -13 -60 53 -88 76 -1 -45 -6 60 -36 53 70 -72 -41 45 -60 94 -98 -88 -85 -39 18 -26 -93 -17 9 -42 -88 18 -71 -48 90 -56 -2 -80 68 -53 -20 -24 14 62 41 49 85 7 50 -8 -97 55 -28 74 -15 -9 5 -63 76 -88 77 15 99 -100 78 -82 54 -11 62 -94 -56 54 -67 9 -61 -37 31 71 59 92 83 58 
30 36 70 47 22 -75 10 -4 -50 65 9 -18 70 6 -23 -67 -3 35 87 72 74 81 -3 44 17 25 -97 32 -3 64 -75 19 15 27 51 91 -14 69 -22 15 38 85 -2 79 -61 -13 -57 -87 67 -58 -78 75 48 -99 42 -81 25 30 -50 -50 -61 34 52 44 -95 -45 -38 -69 -56 -99 5 -41 95 -17 -8 75 -25 -26 -84 -80 13 -58 -26 -13 26 50 74 -2 10 -55 -12 -67 -84 64 76 -19 -17 10 30 -29 
-81 58 -34 54 -51 47 29 28 -36 -42 -37 -65 1 -77 -85 55 -51 -57 63 -17 -71 -71 -52 -1 -76 81 -98 44 -63 -43 61 36 -11 -44 -36 65 -78 -65 9 -1 -96 21 -88 55 32 -40 -67 33 99 28 -34 15 25 -53 -16 10 84 53 53 97 17 -80 0 -90 93 -100 -39 -88 84 39 -83 -86 90 14 -84 4 -29 -82 -23 -8 -30 -89 8 -80 -45 -50 -63 64 39 -16 -40 -91 3 78 11 58 1 -2 35 2 
51 -38 -50 59 -88 -42 -51 -82 2 6 -70 -98 45 31 -59 -86 7 -51 -31 -24 9 -25 -83 -91 66 -98 -21 26 -72 -1 -72 50 25 32 87 -85 61 -54 -78 24 -85 -7 -79 4 34 23 16 89 -75 60 86 -48 -51 -23 97 65 -68 -9 88 15 82 -13 -64 -91 -14 -43 -38 77 14 33 15 35 -4 -6 -23 -36 55 6 -47 -5 38 -21 -4 2 -44 60 -91 -33 10 -12 41 43 57 -39 45 -81 10 40 83 9 
97 -26 -9 -38 -55 -3 11 -77 -76 33 16 -40 25 40 96 19 93 -5 91 11 -94 -85 99 9 3 3 96 89 32 50 -47 23 26 -19 90 73 -16 53 100 75 17 -12 -69 -13 -55 83 -61 27 88 61 34 -14 0 70 94 84 12 53 -42 -41 -48 -24 1 -26 80 -70 -45 82 -66 -38 -27 -83 11 -23 -79 15 -92 -16 45 8 70 35 -13 20 -83 -23 -58 -12 -24 97 3 -10 -10 -22 87 -80 -10 76 90 24 
53 66 13 89 -65 93 -34 70 72 58 -14 -55 -63 56 -27 -28 -45 34 88 -53 92 -52 -2 -51 46 12 87 -7 -91 5 -45 56 -4 22 -22 1 -82 -25 62 40 86 -51 58 -6 42 20 -75 -43 19 -85 41 49 -92 29 11 57 77 41 36 -95 -77 -53 91 52 -83 68 -29 -83 68 40 23 43 -86 -84 -59 -36 43 53 -37 68 -74 -47 80 94 -77 -20 94 -20 55 -77 -88 -92 -27 37 -68 -92 12 -12 -73 -28 
16 13 89 -64 -40 -83 -12 74 -33 -8 44 69 19 81 97 -63 20 -16 -9 -32 -1 86 -85 -19 51 -31 62 62 44 7 66 24 -90 -48 5 -30 -81 68 -42 -88 -70 95 -86 -62 -52 91 91 -88 -43 -89 -70 0 0 -86 -96 43 -38 64 12 -37 -33 -44 -58 -30 74 84 -49 58 -59 -71 52 -100 -28 -25 84 62 33 17 12 -31 -26 -38 -31 2 22 37 24 100 17 2 -11 -20 -72 -32 58 -78 82 15 11 -31 
22 5 45 -67 68 60 65 82 -93 -83 -13 79 -79 74 -37 84 48 -83 75 40 -53 85 -71 92 -35 -18 4 33 -47 56 -99 39 30 -16 -5 -4 -17 50 53 -14 86 18 94 20 -50 37 45 96 43 -7 14 48 -1 -81 -71 -47 100 -22 5 21 -62 14 52 30 98 97 30 87 98 79 18 77 -68 -39 93 -1 88 -83 75 -43 44 -18 -41 53 68 77 30 69 85 -49 -80 27 -40 30 50 -2 91 -44 -13 -30 
63 46 -45 -99 21 47 -41 -91 -79 -68 -67 -92 93 -59 9 89 -76 77 12 -33 -93 -7 17 -11 35 -32 -77 9 37 95 53 -81 51 89 14 30 -3 -58 84 -71 68 -71 -3 8 -70 -6 96 -71 48 -90 36 35 -42 -26 96 -68 95 -95 -42 -2 11 -86 -99 -56 17 -66 94 -78 -13 20 23 -93 68 66 85 82 -82 -32 -29 -38 -52 -78 -41 -86 53 12 -21 98 30 -88 -74 -81 -94 -27 -17 41 -1 -19 -55 -46 
-76 69 -88 24 -96 -29 15 45 -99 79 5 -62 19 -56 -74 -72 -69 46 -85 91 -97 64 99 21 27 -81 84 -96 -25 77 85 -81 -28 -84 -95 17 93 -17 3 -73 -74 -81 100 55 -39 92 56 73 90 -80 82 76 -16 38 60 32 -97 13 -20 89 52 35 74 36 84 -21 52 -78 -1 -66 79 -78 78 -20 -96 59 -30 85 -26 33 -87 23 -19 -56 83 -63 75 -21 3 21 81 13 -89 72 -69 53 -57 -33 2 -5 
58 79 -9 -24 -10 15 -1 68 -24 -62 98 -74 -38 -6 91 -45 50 75 -28 -86 92 80 -98 -52 -43 -3 -65 76 93 -83 48 3 90 31 -61 -29 -42 -81 27 -4 -97 82 13 -44 71 38 -87 26 81 93 44 55 23 -60 -55 -65 -38 -47 0 72 70 -92 18 14 -73 -94 37 -49 30 6 11 -65 -39 88 3 16 55 27 -76 -34 -10 -64 -24 -73 -12 -75 56 -70 38 82 80 -66 30 -30 -63 59 99 -12 -29 -48 
55 38 63 95 -54 93 -76 -59 -53 -70 -5 64 -31 50 94 91 -29 -56 53 -49 9 -93 9 94 24 42 69 0 40 -26 40 89 21 -78 30 -29 -68 45 -43 58 -97 66 57 46 -79 -66 -58 22 89 26 44 23 -62 99 34 100 -30 -20 40 -24 -59 84 27 -69 7 15 73 -84 80 -5 45 -23 88 19 23 -51 17 27 -98 -21 -64 79 42 59 -56 92 0 72 68 50 -23 -78 11 41 -30 2 28 -47 -78 -74 
89 -87 -90 69 68 -85 0 11 92 -90 -51 40 87 -81 -13 -42 -34 -85 77 12 55 37 -85 9 1 -58 -60 69 38 87 -25 3 47 67 -21 42 82 10 43 -27 -86 2 -88 -16 9 -24 -99 -8 -33 1 41 68 46 86 53 -22 -37 -45 3 -81 -8 -99 43 -14 1 -53 81 -6 58 31 35 14 -87 -30 87 -99 -70 8 -99 -77 -72 -58 -11 -39 17 -87 87 95 43 -74 45 17 85 -100 -70 71 59 -80 88 66 
37 -12 -100 50 -83 -62 5 44 -20 98 7 -22 21 65 -21 47 64 78 -21 -8 99 19 88 98 -66 24 72 -13 -61 79 -7 20 -2 -57 75 41 -16 12 90 -62 38 8 -56 70 9 29 74 -96 -89 -20 17 -74 -31 -82 -18 27 -63 55 -99 -4 75 -41 -66 -33 -17 -9 87 -65 3 4 14 -85 -56 44 93 -33 -70 -55 34 81 24 -42 -7 13 -96 74 19 99 5 25 52 -31 56 45 34 10 91 -19 81 53 
-15 -41 -51 26 -37 -1 20 81 64 -54 97 -43 -34 -7 -99 3 83 63 -63 -97 43 -31 -71 84 43 -43 75 61 -38 37 51 8 -91 -67 30 -69 69 -34 -25 80 74 71 -62 64 31 16 48 91 -16 90 52 -94 78 -27 -51 -35 -50 66 -34 48 -75 -51 88 -65 1 77 -43 -98 29 -48 -65 9 31 -56 -91 30 5 -53 29 -55 49 -25 -37 -31 10 7 15 -1 44 67 43 -45 70 56 84 -23 -89 66 7 54 
-58 94 -39 -92 58 26 -88 28 -68 49 43 20 43 68 -37 -8 -55 70 -23 9 53 32 -78 -65 -23 -44 83 41 -93 26 -11 38 24 -31 -9 91 -35 -28 -21 25 -54 -19 79 -96 81 -16 -12 23 37 88 59 -70 11 -39 -33 -81 76 28 11 -100 -72 78 79 89 75 41 -44 -39 -66 -55 -66 1 -5 -3 -85 56 -59 88 -32 83 42 -13 89 -53 14 71 -97 75 -95 -56 -78 84 100 30 4 22 60 -38 23 -86 
78 -85 12 27 75 53 91 -89 -77 15 -38 -69 -73 92 -17 -85 -55 -90 -25 -70 -80 -88 -1 91 60 0 -83 68 28 82 86 -41 -72 -32 98 -16 -46 77 100 29 54 7 56 -71 77 -23 -79 -26 49 -67 8 -95 71 66 24 19 -96 84 4 -12 -23 73 89 58 38 -54 -74 -55 -83 -37 1 22 -44 -83 95 92 -26 -39 -99 -15 73 -98 -23 58 58 -34 35 -11 92 -12 75 -11 -1 21 -10 43 -4 -72 -94 44 
-73 18 89 -99 -71 -78 -5 0 -12 79 -18 -65 -26 -98 9 27 17 -80 51 -44 52 -86 -4 59 10 49 -52 -50 19 78 84 -9 -3 66 55 4 8 29 -40 55 -10 -19 -32 -55 31 68 48 65 -28 12 91 13 19 -50 -90 -70 -98 93 -45 -85 8 -52 72 35 -95 84 91 -46 -63 -28 75 -20 -84 -64 88 -87 94 -18 -69 83 -100 -37 -83 -18 -82 -41 -48 83 56 -21 88 -3 -80 -41 23 -29 -72 -6 86 -36 
-91 -9 -29 59 -60 -29 -48 37 24 -16 99 55 100 -6 28 -67 -19 32 -41 -30 -95 15 33 -44 -70 -27 44 -42 65 36 76 -52 -34 -51 -84 -96 87 23 -17 80 43 -68 -22 -20 -41 87 -90 -71 -39 -94 -19 -58 43 -64 -26 -61 -20 -72 -6 19 -72 29 48 -53 -42 -35 0 3 -24 -96 11 94 64 88 2 25 35 -91 -27 -16 -29 76 56 -53 -48 39 -75 38 4 88 40 -60 71 54 88 -10 -88 -19 -56 -29 
75 91 15 -46 71 75 -79 -65 29 -28 99 -95 44 -44 -96 -35 39 -76 89 38 40 -8 -59 -77 66 -73 -61 45 62 73 67 -3 -57 88 37 -79 -8 -21 -70 0 -31 -51 -63 -4 -20 -61 42 91 -91 -82 -96 -12 -66 -83 91 24 84 -48 3 -80 94 -12 -87 68 53 93 36 58 -33 -13 -18 82 -99 64 -65 -61 -30 93 93 -17 70 70 82 39 80 -43 46 -62 50 84 100 7 -98 -91 77 99 -39 4 21 95 
13 -70 -68 100 -98 -7 -41 -93 75 52 -71 -89 -5 10 -73 -25 11 43 -45 45 -67 28 73 84 -78 -43 55 26 98 33 -8 52 7 11 75 -16 7 97 79 17 7 99 71 68 80 -82 -100 57 -6 -51 86 -98 79 69 -63 -31 -91 -55 -92 -36 -1 -1 -82 -67 95 38 31 -18 39 -10 17 85 -10 -52 -97 -97 -27 14 66 61 -89 76 69 -6 -58 -41 78 -9 70 -1 -31 56 4 2 61 -22 -74 -59 -16 88 
-17 85 -38 -25 -6 49 23 53 -87 -72 6 21 28 -87 98 49 66 -34 46 -23 47 -46 -24 71 -74 68 57 19 -75 -90 -93 -5 31 -72 60 25 78 -62 -7 94 -28 -69 44 73 -78 -66 -68 90 81 22 82 0 -14 82 -22 100 25 -2 -64 6 -55 34 50 -68 27 -41 -56 90 33 -45 87 8 36 -14 82 91 -41 -32 -29 -32 51 -85 51 -37 -29 -56 73 20 -58 -62 35 32 50 -85 47 45 -30 60 -22 -21 
-57 -59 10 69 86 71 55 15 -69 -43 -98 4 96 -66 25 -67 -41 -33 39 -90 40 74 19 63 74 -63 42 -76 6 55 54 -1 85 -7 9 -10 -92 13 -22 64 68 -31 -98 19 -93 19 0 94 -58 22 -67 66 -52 -15 -79 -76 65 -6 -31 21 -73 67 20 -86 52 -49 2 60 -2 29 31 -34 32 25 -9 -78 4 83 -71 4 -88 18 -77 -19 48 -62 35 -57 -69 -94 61 -79 90 -72 77 -50 32 -66 20 92 
51 -85 89 74 -52 85 13 -61 58 84 -20 44 91 -95 34 90 0 -37 91 51 -43 4 84 -68 92 -18 59 84 -79 -18 -95 -14 -48 -95 96 -77 24 23 90 -28 -45 -27 -25 -35 -34 -75 34 40 18 -20 -71 77 -39 57 37 -54 94 -74 30 73 -71 -70 18 21 -34 -27 -40 -54 71 -87 70 58 68 -6 -96 37 -87 -91 70 -14 -43 -22 60 8 61 8 43 -61 -83 -35 -83 -45 75 -83 6 19 9 -22 78 -70 
71 -61 -71 -66 -21 21 -98 -20 42 -77 73 18 65 -100 50 -56 24 -80 30 -70 -8 -5 43 -10 34 -93 7 -32 -3 80 -96 -88 86 -13 -80 -98 -38 -44 54 48 52 47 70 -63 32 100 93 -43 14 43 23 76 79 -89 -66 -16 75 -46 -84 -49 21 -79 88 35 54 34 -31 35 29 -24 -48 3 44 99 24 -68 26 -84 69 -26 89 5 -55 -27 -26 -89 -85 -81 -80 62 -87 51 -89 -100 -81 -65 -94 -21 38 -23 
-33 -91 92 -92 -83 59 87 -26 63 95 -60 -49 -69 92 0 55 93 -45 5 22 23 -78 26 45 18 30 -43 -97 47 63 92 -89 81 35 99 -3 -71 9 -13 -50 -84 -64 74 -18 48 -63 -88 84 5 -73 -37 81 -81 -42 58 -30 76 89 28 -19 100 17 -25 57 90 43 3 -13 11 -25 -80 81 99 -40 -22 98 -9 30 -89 31 -71 50 5 21 -9 -81 21 80 -90 81 -37 -32 78 -76 86 44 -58 8 3 4 
-49 -23 74 24 -43 -29 3 66 96 19 94 59 -85 22 16 34 -15 17 -28 18 28 -54 25 91 -64 79 -28 -75 -8 -75 46 -33 75 27 -67 -17 38 -90 50 94 -20 -44 17 30 90 97 50 70 -31 45 45 7 -98 -11 97 -38 -21 18 61 7 -7 -31 21 75 15 -2 92 -67 -59 14 -47 -34 67 32 13 -1 7 71 66 79 -45 -4 64 24 -30 -51 54 81 47 69 -70 9 2 -61 70 -47 -50 58 -97 40 
-15 -91 38 -38 -55 -34 100 -14 44 63 42 47 36 -37 -9 62 48 -93 -21 31 -60 40 78 91 -74 -58 35 -40 96 1 64 -100 -84 -68 -80 35 92 74 7 -11 1 -34 73 55 81 -50 -97 71 12 32 6 -29 -92 -36 -58 -2 24 -91 10 52 71 -21 -2 7 -3 37 0 -91 -3 -69 37 53 10 96 2 2 62 -51 -98 74 42 -33 -64 90 61 67 -16 -87 21 79 -40 -100 20 -51 64 -12 -14 -75 60 -30 
49 21 39 0 -48 89 21 35 33 83 -49 39 73 57 75 77 -43 11 -87 -35 33 81 91 43 69 73 63 -91 66 -25 -72 -12 23 -96 6 -54 2 -50 -12 14 35 -27 -51 -40 76 -42 -1 -71 35 73 -82 64 23 57 24 5 -11 -32 -52 9 61 85 -52 -73 91 72 -74 60 55 8 37 -91 -19 -34 -9 84 -7 -61 61 93 99 24 72 2 55 -19 91 -34 0 -20 32 10 2 13 -64 -17 -19 42 -91 27 
-25 -59 -39 -12 80 -4 93 52 17 -1 29 47 97 -93 57 53 -55 -6 -1 -36 -62 -78 33 11 4 -75 -28 41 -9 62 34 75 -58 11 -68 -28 63 73 22 -86 -39 -56 72 -88 1 -34 3 55 86 26 -46 45 80 4 9 -45 -26 53 4 64 -17 -98 46 -97 81 39 -46 -55 99 -52 87 -56 -54 13 -44 -40 -1 94 62 -78 -6 -28 -44 -39 31 -72 -11 -96 -19 39 49 52 -79 88 54 -96 42 -44 -8 49 
99 -80 8 -94 -17 -12 81 -7 -25 95 90 21 -59 26 -90 7 85 -30 48 89 -7 -1 52 52 -62 -26 35 51 99 -83 -23 -51 42 -39 -27 66 -49 -34 80 -66 100 25 -67 -9 77 88 60 92 -62 -29 -77 -34 -11 40 94 -86 5 -26 -88 -74 -65 49 -68 -39 96 54 23 -88 -35 -5 -34 -78 -63 -18 76 72 -40 -66 -75 44 -54 57 -95 76 17 88 -59 56 23 -39 63 -16 71 35 72 -99 -2 -76 79 98 
44 51 -70 -64 -88 54 -30 43 -23 74 98 28 -5 -63 35 -1 41 -64 -56 6 25 52 66 -89 53 63 64 33 -93 81 51 -75 -39 -100 -54 -45 26 -73 -41 12 56 54 -69 47 -56 -44 -42 45 -33 76 6 -58 75 22 44 58 77 -89 8 -46 25 -34 33 89 22 -77 34 -49 -88 -24 15 44 73 -29 -19 5 -79 79 71 -3 60 35 59 -89 -48 -10 57 30 -82 83 -31 -33 -75 -4 47 14 13 18 -24 -77 
-86 32 11 -46 40 23 86 -83 -60 -1 31 100 -37 -66 -30 98 21 90 7 28 -48 -73 -58 -40 54 9 69 -100 -19 31 30 88 28 -12 0 4 66 51 -49 12 97 62 -49 -57 -68 -26 32 -20 -13 -30 40 -63 12 27 33 -62 50 -25 -96 81 -13 34 -34 65 66 33 95 -76 62 63 56 -100 -5 -35 -94 28 -75 7 -18 -56 -34 42 100 -31 99 69 -21 20 -32 -53 -42 -66 72 99 57 -60 68 41 38 3 
94 45 89 -77 -74 -77 -57 -60 -41 -29 40 -40 59 -12 -88 -33 57 -20 -73 98 72 -45 -80 -24 44 47 35 -3 71 8 98 96 -7 -2 85 42 7 46 -43 -50 -18 -91 -55 66 -29 -96 -87 -88 4 32 -69 -13 -71 -51 -18 -24 -94 -78 -9 5 14 73 -28 13 -13 -84 -90 15 57 -98 72 67 68 44 -49 93 -24 42 26 40 -67 48 72 73 -21 29 -5 -28 -3 -66 -52 60 25 -9 -8 19 94 -44 67 42 
-63 -83 28 -20 -23 81 -95 -4 83 59 -73 22 -55 83 77 -41 0 74 -38 -60 -41 -43 60 49 49 -20 97 98 -37 -90 89 71 -45 -86 -67 82 -1 -91 -29 66 75 22 41 -42 -84 -2 -77 0 -45 -74 -82 -17 45 -52 -59 -43 67 95 -5 -4 -95 -60 -91 54 0 -22 87 52 -70 46 -75 -40 51 -45 -85 -97 -73 4 59 -20 -91 -83 73 23 43 -17 59 2 78 53 84 -23 -63 -48 -3 -54 -90 -53 -71 -30 
-65 41 19 46 -92 -61 -15 -14 -95 -86 10 9 -77 -1 28 52 68 32 11 -65 56 -55 -89 -20 68 99 -79 62 75 -64 26 58 0 76 -67 -7 17 -40 77 77 -42 -55 63 -36 43 51 32 91 -58 -92 36 34 53 -75 95 -1 -3 -10 -35 -69 -70 -95 87 80 21 -47 -60 -23 -80 -66 -79 -70 -79 23 -25 -52 -58 82 -77 -98 0 -100 14 10 56 -42 32 -56 30 -38 56 27 7 -16 -98 91 76 4 -3 73 
-8 73 56 38 21 -47 -21 -6 94 -33 66 -36 -53 -45 63 -66 -7 76 53 20 -8 9 -16 42 2 -11 91 -6 -41 -98 25 32 27 -39 -72 -9 65 19 -46 -89 28 -76 -30 65 -32 -27 -94 -78 -92 -99 30 -46 -45 -37 14 20 26 70 -6 -33 54 -64 82 47 76 98 89 71 -85 -47 33 -64 20 -42 63 -22 31 -100 39 -47 42 97 -69 23 99 -76 -57 -78 96 -85 4 -60 53 -93 -35 -55 3 -12 64 -57 
79 -73 49 -69 -8 -96 -65 -8 86 -53 -26 -11 -46 30 4 -76 -91 5 82 -95 -39 -22 36 65 -41 -20 1 -34 45 17 24 84 32 -30 36 -92 -92 28 -97 -92 -61 14 -38 -11 4 -30 91 46 -66 47 -33 77 -92 -14 94 60 -97 70 -59 -93 -60 26 33 56 87 68 -13 80 -35 -2 97 -16 -82 77 -4 50 -3 -8 -12 77 -87 12 89 -63 -48 -52 -85 -91 -83 28 43 -83 12 0 -74 43 75 79 -34 72 
-40 -83 -92 6 77 52 -17 -28 48 60 -97 -16 67 90 89 -52 -30 59 -58 -86 8 -74 51 -39 -49 -47 78 -80 1 64 -60 -58 12 90 66 -100 12 -100 -59 -30 51 56 -96 -43 -78 69 39 -3 -87 87 26 98 -34 -90 8 69 -50 -28 -32 67 89 -41 -7 95 54 -28 -63 54 -9 -26 -70 4 10 -22 -16 -15 -21 -45 -9 -1 86 52 67 -66 -91 -25 -96 2 -42 72 59 -22 81 -18 5 27 -27 80 48 -11 
7 26 9 90 -65 76 19 95 71 -5 18 -37 -23 58 -3 -35 55 80 -71 -91 62 -31 -22 -43 -86 -86 -58 -18 -68 0 88 72 51 53 -1 -15 94 22 84 20 -74 -59 43 -10 8 -43 -29 99 85 -83 -62 -2 -52 -42 67 26 -7 88 38 -40 60 18 -92 -66 -23 38 78 65 57 79 9 -18 18 -46 100 77 7 10 -94 56 -73 44 79 19 18 0 84 -10 -99 30 -75 79 -11 74 -72 1 22 -86 93 99 
-8 -19 -75 88 -4 86 -15 -37 -16 78 -47 44 96 -41 46 76 -68 61 33 26 -60 -10 63 76 49 78 23 -78 26 -80 -59 -35 -28 -15 55 34 -59 7 -67 -96 -29 31 -100 18 99 -30 -72 -36 96 44 58 49 19 -36 -63 8 -14 -36 -29 -60 -97 -17 -1 -88 12 -8 -21 -94 69 -21 -19 -26 -89 40 -55 66 1 -10 2 -88 -11 34 74 30 -79 53 -32 56 32 -93 43 -6 -96 60 -78 4 -27 -50 30 77 
-9 -62 32 51 -33 69 -66 -55 -46 100 -36 -57 -57 34 -9 42 -61 55 -40 -83 1 2 -45 3 22 73 8 67 -15 -47 -91 36 -68 77 -36 -32 -32 -47 -57 -92 -48 -77 81 56 -4 96 51 61 21 -59 38 -24 97 -29 58 -42 -3 100 32 -81 14 89 73 -65 49 41 -3 65 71 -57 -31 -12 68 -19 -98 50 45 -76 80 -25 87 -2 21 22 85 2 -59 -76 -68 -39 -82 98 -11 48 -99 29 -46 56 33 -73 
69 -58 -3 -33 95 -9 15 78 52 100 -68 -77 -15 85 -10 -22 -29 28 -19 -23 100 -32 67 -48 34 -80 27 91 53 -21 -47 -32 -75 -63 12 97 -77 61 -4 -94 48 -58 31 -40 72 40 60 34 71 76 -40 83 59 37 16 -10 -100 94 -97 -93 31 70 0 82 44 73 65 7 -38 51 3 -63 -81 27 -67 -93 80 80 -93 -50 -85 -57 -69 -12 0 -36 91 62 -73 55 6 -14 -39 -9 -61 -21 -5 0 29 50 
84 100 39 32 50 -11 30 39 -6 74 30 45 -28 0 -50 -79 44 -61 34 -80 -70 11 -25 42 62 66 84 85 76 74 28 95 62 15 -21 -14 81 21 -74 45 -81 -76 83 -97 21 68 -77 -72 30 49 63 25 -44 -61 92 -68 -14 -44 -35 -57 -50 57 -76 98 -32 81 76 4 12 33 67 81 -92 -32 -82 -83 99 -68 53 16 60 -93 12 85 -27 -46 1 82 7 93 -84 -34 -25 42 98 82 5 -26 -92 -77 
-58 84 -2 10 80 -45 -90 26 -66 -75 -48 -88 21 -49 -11 72 -76 25 -14 47 -63 -86 38 -15 84 -85 54 93 -60 25 63 73 -89 -97 -28 0 -32 -68 31 -52 -7 29 85 -47 82 23 -43 -56 -94 -72 81 -63 -79 -62 -71 97 57 -70 85 1 70 33 30 -1 46 75 -24 -9 -60 93 -50 28 13 68 52 -51 -40 68 -29 34 41 92 97 96 -99 -74 -27 52 90 -70 -35 68 -26 0 -45 -18 -11 8 -68 -10 
-10 41 -38 31 -6 -100 87 36 9 -1 -88 77 99 98 17 13 -60 53 84 48 -13 -35 -15 12 70 27 -54 83 1 79 52 71 5 -80 75 -61 -9 47 -8 4 -12 -49 13 -21 -99 -57 36 22 3 92 22 61 94 77 -38 -78 76 -90 43 -11 36 19 -43 72 57 -59 80 68 -50 73 68 -62 -100 18 -4 0 61 69 7 -25 -86 71 28 -70 49 -65 -33 34 -39 86 64 -65 24 -47 -61 40 -42 -19 -43 -74 
-31 52 54 98 94 32 -95 -79 46 66 13 -69 -30 71 -6 8 7 32 65 -38 12 -59 -10 18 21 7 9 -12 43 48 58 38 -82 -12 93 -42 0 0 -32 -47 -57 80 9 -13 31 74 54 -92 -31 27 13 95 -88 -96 72 82 -92 62 26 -11 -74 29 -37 -75 89 100 -93 75 40 49 66 70 23 -90 -89 -44 20 17 5 47 -7 -22 -3 -83 89 21 -57 90 46 35 -30 89 13 -22 69 63 99 89 82 42 
43 96 -18 55 98 -37 59 -79 12 48 5 -65 -28 -2 82 81 -88 54 49 62 -16 51 -20 -12 36 13 -38 62 -85 33 -44 26 12 7 -50 -43 72 10 -23 -19 -52 49 -52 90 -40 -52 -41 -94 -43 90 34 34 17 90 -62 -56 -69 9 -40 -14 6 73 44 -87 4 -21 59 18 57 -11 11 37 58 -11 -90 -90 10 -82 -30 -91 -38 15 16 38 81 -57 -28 -94 -56 92 42 -90 -7 -12 1 30 -43 -53 6 53 
-63 33 -5 89 67 -75 61 -86 100 -79 -48 -54 7 -43 -47 42 -22 -85 -31 -58 71 -69 -9 66 -19 31 62 -68 76 5 100 69 -93 -98 -16 -28 96 19 -65 42 -33 -27 -2 14 -46 43 -79 -22 -83 73 89 -41 -22 -88 89 49 46 -78 -58 16 13 71 -61 35 45 -31 50 -24 52 0 -68 84 -70 -73 23 -5 16 -38 -12 62 -6 -67 -41 85 -13 53 22 -16 -39 -22 58 9 -31 -57 -54 37 96 30 -31 -9 
7 -52 -51 42 100 -1 -83 30 -63 24 57 -45 71 79 57 -56 25 -54 30 -92 -27 -58 -65 -75 -58 65 -36 -54 -59 -81 66 20 -92 70 -1 -74 -22 32 -84 -46 -88 90 94 -99 94 87 93 56 87 99 -38 -81 86 -42 69 67 23 -91 9 -70 28 2 -85 -7 33 29 -97 -28 -86 48 26 47 -5 1 -92 -36 -58 35 -24 88 -95 -25 -11 67 -83 83 -13 -10 52 -61 7 69 60 -34 -71 3 -34 -17 -8 -98 
-93 -28 -21 63 -73 28 72 55 32 -39 53 47 24 39 -71 81 34 -2 1 -65 94 33 14 83 21 -73 26 -93 61 -64 67 -15 -23 -79 29 99 26 59 82 -1 -24 -67 39 84 98 -62 22 -67 -7 24 38 -35 57 64 91 59 53 48 37 83 99 90 -63 76 -22 23 29 21 53 -62 48 72 72 100 -66 -39 -25 -39 84 -46 20 8 -10 -99 -75 23 -14 -86 -9 -76 -23 -42 -73 27 -40 82 -75 37 63 32 
-83 63 66 89 77 0 -76 -24 -15 19 13 19 -25 -68 -18 5 -74 -62 -3 -66 3 -19 13 -41 -87 48 -79 -39 -37 -56 35 -84 25 -89 -39 -14 78 7 -12 56 67 -34 16 -97 -46 -66 68 -89 54 -6 -74 -82 21 20 46 62 80 56 -9 -58 32 98 88 39 47 -6 99 -63 -89 96 -59 -34 -100 -49 -61 -29 -88 34 15 -51 -8 -7 -27 35 88 25 -84 12 27 5 -39 1 -65 -37 -21 -93 35 -56 72 96 
-57 -94 -100 -84 -25 36 -24 68 20 -59 84 -45 28 -70 -5 -99 -21 66 -31 -42 -54 66 -93 -66 -45 -86 -87 35 -3 20 49 72 60 -68 11 50 10 -34 25 -18 -23 -96 -67 44 -43 -69 28 -27 -6 -82 -21 96 45 92 -57 -11 55 -49 0 -55 -73 -9 55 62 -22 -26 13 12 16 -17 3 -87 -70 10 92 -53 -69 -20 -18 -58 -28 -19 -96 62 -69 -7 48 -28 -79 9 -46 0 79 40 -95 -98 25 -98 -29 82 
-70 -53 30 19 -71 6 32 -23 -74 21 26 21 -66 91 71 -50 -40 -96 -89 97 -100 -91 -31 -40 -5 100 -97 59 49 -7 -43 -36 49 36 -1 -6 -75 -16 -75 -80 -47 8 -51 -67 13 -24 6 -90 -48 51 76 32 35 -95 -83 -96 -89 81 -84 46 65 46 -37 -10 34 -36 29 -35 -41 74 -53 15 80 -81 23 -75 -100 36 -1 21 -50 -47 69 -55 20 10 43 67 77 90 64 22 79 -87 14 99 41 -63 -54 84 
-96 -66 -82 -28 14 28 63 15 5 -42 -70 71 -82 68 -40 34 53 45 -68 52 -78 12 -43 42 -84 95 8 -49 -65 -78 -2 99 -84 57 39 -48 84 64 -54 -83 -12 -43 -76 49 -3 -21 -55 -6 -86 -23 -73 -23 -15 98 71 89 100 -21 7 -75 74 -18 -1 -8 -16 36 72 59 57 -85 23 -62 -60 14 -72 -62 -27 46 90 70 78 -20 -94 -35 -48 -93 -49 99 82 4 -98 -80 -70 76 6 -76 75 -74 -90 -85 
-74 -100 -97 -67 -57 55 -87 25 -7 -58 99 -20 -13 41 46 7 -54 -2 -41 -74 61 -30 -6 -19 -87 -56 73 -63 97 -20 -63 -29 -58 95 48 75 20 -42 -78 -44 22 98 -29 -94 -60 53 -43 -54 83 -3 61 -61 98 -31 -56 -99 -100 39 -47 2 -62 -32 -1 87 69 -30 -62 7 67 97 57 71 88 -32 94 63 59 -35 -43 40 -43 -25 18 -80 -41 -67 60 -46 -99 54 74 7 -6 -96 -56 92 78 55 -1 -19 
-86 18 42 34 39 -40 -20 -4 17 62 -3 30 -25 53 78 3 -90 -83 14 39 -19 74 48 68 89 64 -68 -28 99 44 -60 83 -23 -64 62 -40 74 37 -31 65 -97 -35 63 16 56 -26 11 11 -15 1 -9 90 95 -8 46 14 97 -58 -14 -97 -5 79 -7 -33 -45 -90 78 -8 -17 80 28 13 43 30 -55 78 -50 -48 76 -36 15 -45 -77 -21 89 86 -22 -7 60 -54 -74 -73 -53 96 9 16 48 -4 -30 -96 
98 36 73 -65 10 -55 -66 23 -67 15 46 86 -97 94 42 21 -70 24 -32 41 -27 58 90 37 92 -50 -44 -55 58 -69 74 -82 -39 99 -11 -75 88 6 89 -78 -51 -39 -52 41 85 -11 -36 -93 28 -7 -91 -95 -66 -77 21 -22 36 2 28 99 -36 4 43 64 3 -12 -6 31 -92 24 67 85 -35 -9 -77 -90 -4 13 -79 -7 74 -86 -65 73 -86 -59 11 55 -7 -47 -37 56 -66 98 20 -90 25 59 -1 60 
80 -17 31 -98 48 2 43 -2 -9 78 36 -50 -32 -22 -30 -13 -56 10 4 -86 59 5 -80 -97 -16 -66 57 79 65 78 -95 27 69 58 -56 -93 1 24 -89 68 -17 56 5 -18 7 -16 22 -4 94 -71 -39 65 -26 -32 -2 42 41 27 -32 -48 97 -36 36 90 -1 -82 -72 -7 -1 22 -1 43 -79 91 -77 29 -97 10 45 -39 11 93 -28 -41 24 -26 -91 -31 -56 18 0 -59 -71 51 75 -18 -36 27 41 -36 
