100 100
-40758 -9667 7888 -23161 14438 -21237 -34176 -37162 11296 3295 15866 -4623 63031 32176 -36184 -36414 -1715 -22795 12015 27182 61804 -24755 -20426 -2533 -2417 -1307 8499 60588 10012 7926 -81736 -10466 6842 345 -37728 12128 16231 50651 -21904 60736 38061 -15595 -8641 18513 -24250 -21152 -19483 52862 6752 -3505 8027 -49187 3774 -40356 51398 10486 -65818 -26463 -33289 71952 -34388 -9773 -15520 24699 -22841 -74199 51600 -41947 -25757 -5390 -11448 -4517 29058 -9226 -39083 6887 33454 -34828 28848 18179 -32852 -66164 54624 -60347 -6809 35751 -12633 43855 -6988 -2722 13933 81942 -54711 -32832 14881 30475 6304 24448 64042 -29665 
-4838 -46058 58962 94419 15711 14825 37179 27024 -32342 -16576 -2021 -48593 33194 -26992 13440 -22870 22336 -9866 -24015 57577 31344 2424 5003 20509 -40301 -59686 -3045 2783 12763 -33500 -70021 -32466 -37108 4895 -41294 -27931 -29153 37407 91660 -45329 17695 -10924 -13378 -37031 -2192 23355 -301 -35906 -13786 23664 14927 -14203 28501 -16136 5412 1626 -9 20507 45338 32176 -11175 28545 -17279 -31011 6428 -36939 9631 7631 -45568 -14589 -4280 41843 -32424 -36665 -39926 5742 -10535 -21164 -4342 -3275 -17354 -32830 1779 7328 -13212 -23298 25278 15976 -89616 16837 -33854 -47248 14517 -11487 -27944 -48939 22368 -1845 -15063 11774 
14762 -25833 1956 10410 -7005 -46168 69463 61498 -4363 70838 62492 -45778 -3404 -63918 45910 -28694 -23668 56934 -11542 32020 -14273 38409 7304 25263 -24330 193 -50832 -19711 -28397 -67973 31231 19475 -18317 -76479 -74602 -4526 -12502 15244 -13923 -34013 -23631 18325 -64237 -28860 -23094 1797 1157 -44009 17309 -26484 58787 -17499 -11607 -36466 17073 37750 -13882 -27250 -26692 6363 -48074 -6888 -613 15897 80090 -63139 20816 10873 43315 7572 21786 10969 -2298 24912 7409 36840 5830 -6270 22729 13152 51194 -23916 -29595 5327 -13511 25052 11105 50716 57513 18088 -40963 -8007 -22774 51924 35849 -74474 -1216 -21397 2709 -61227 
21398 -20801 3997 -19542 -49516 33485 24494 -472 13070 5675 -42808 -36770 -988 -811 26202 50137 31089 10811 -35140 32429 -55921 19123 -25601 11606 8759 9838 11980 60806 35639 -22734 -28069 37115 30182 -39681 15288 37642 -13265 -29021 -18374 -12978 -35971 -8157 -25845 -8754 4365 13559 19898 -14033 -40586 46701 29168 67374 -5313 -7375 281 -39809 35265 26555 1952 18094 -5782 -50376 8159 -16996 -46343 13241 35626 -24391 -84630 73349 -30773 53337 96344 14703 68591 -35236 8611 13801 -14517 6039 34078 16519 -27137 -44618 42143 19305 12324 20054 19939 27664 -42252 -23228 31 -9961 34517 41832 -50747 29345 -77223 43022 
10620 -1740 32923 -29444 -63782 22368 1478 35953 -21963 17709 -28477 -19977 33181 37205 39143 -15104 -4096 -14134 22252 5077 -18468 -6012 22582 52097 6858 -38408 -69130 46520 48494 -19434 48093 -38514 -23132 -34815 35782 -18674 4676 14107 16085 -41228 -58178 15999 -68304 27310 -53189 60162 985 -12741 33941 -5259 47460 -5650 20656 -23717 2521 -53503 -5186 -3286 -13302 55427 -1574 -8827 -35204 -29574 -36934 -14899 45331 19673 93626 -35942 -1059 -24177 -29223 4256 31579 19783 852 25224 35770 -96215 4093 37860 9880 -22061 -30226 18525 22 -902 -62162 9136 -84196 38955 45870 -63261 -51207 14733 23635 -43038 -12449 -48804 
2118 -31644 -5820 5385 -12917 6434 -4731 -41733 -59885 -35094 17576 -52113 55664 64674 -2848 15983 13432 47288 528 -78096 34956 -16367 -1337 8931 12671 11794 18097 -43735 58773 23236 -360 -31103 -45891 349 -72459 8247 -52372 -6371 -12448 33342 -2081 -35686 3960 -56023 29441 102458 -11359 -33374 -7943 10718 -4643 -10754 -3981 1474 -32911 -29513 -41528 44549 -14537 9448 17414 -27118 36820 -110976 -7865 34295 -32607 -27590 14154 -11041 -54810 38983 -87736 -14270 36137 -1809 -15843 36526 -265 -23620 -24345 33277 -6585 20760 37335 -18502 3985 -28579 -4716 49118 -49646 -28908 -10769 23354 -62451 27805 19557 1199 -18465 31558 
-1136 11082 9176 -52100 -74515 -21850 62510 36070 -23987 -615 584 -9968 -12196 42535 -61449 36130 51823 75959 -22551 -4178 43829 -37554 7188 30334 -2747 -1244 12429 24643 41048 -31378 -27583 -64662 6537 3944 5702 17225 16768 52376 13551 -50343 -75461 -15987 -19434 -5193 -67980 45542 -36494 9430 22831 -7807 34357 30292 18801 12250 9666 -40779 2890 21069 7228 29792 -20316 -66283 6608 -54832 -16785 17943 6517 -11861 22133 -2383 -14841 -5470 293 -40710 34275 -21145 19694 10412 -27693 8930 65443 2642 -63147 -1609 24906 48984 -34277 61408 59333 28189 -53997 41415 25872 9995 23920 2839 -40688 -20329 -3723 -12298 
2024 11109 4160 -56842 -12060 -20924 -33833 -18317 25207 10971 5973 61522 -22209 -32097 15059 27544 4824 64619 42456 -14966 51564 -15949 59286 54809 8074 -16519 26437 26121 5973 27540 33076 18882 -71476 17464 -12425 -26305 19582 25551 23073 -11518 -39774 -14384 -28518 -27339 -75630 -8585 -28684 -24286 14675 7007 -63300 -10138 15392 16562 33136 22057 28463 -26094 -17655 -71401 15084 -43271 13761 -21318 42205 7837 -22639 -12305 484 -38319 3232 57235 -22039 826 -54862 16764 -6073 29654 -13183 54798 -45280 39970 -57581 -4168 31364 71781 8845 4324 38604 15252 -16050 -9150 22982 8703 22193 -35935 -27353 12084 11215 4886 
-34739 26369 -40319 -42057 -29857 267 -24357 -44444 -2584 -18379 -27336 13914 32599 84602 36444 19248 -20153 -63819 37059 -78246 4778 -27334 -21014 -51223 21531 -42886 67079 56223 31007 39311 22285 -55467 22445 28247 62628 -4774 -46659 30061 25122 6344 3057 39743 20975 58741 85160 -3658 38669 35853 12830 66712 -11453 -8458 -59846 28282 -702 28391 -90114 39856 -10352 -19457 -11132 35940 33171 -5475 77368 -39499 -63625 45473 32806 -27975 40119 7416 -39670 13725 -37865 -19884 15785 -26823 22408 20742 69380 6152 30697 40031 -576 28834 14200 11313 -14327 -39084 -18081 49196 -58744 -27723 -41855 -11537 83405 -42583 45394 30119 
33695 -17097 -42778 -42919 -30069 -14982 -49327 16510 10401 -58710 -4009 4692 -55820 9272 24636 31486 -56791 -73847 -11759 -25875 29737 32935 -4650 50776 40434 41398 -28082 19361 -5317 21641 -41546 36260 -19042 -26392 30575 3595 11191 -55440 1596 12707 -23777 2355 32425 -9712 -50939 11051 -31336 13226 -10951 30193 -18199 51299 2565 -11054 44095 -21122 -61114 -18195 -35601 6822 -16570 20349 6705 -21654 -8958 -41785 -955 -29001 -51342 -3668 6413 -31905 22110 32062 -15975 29061 25248 -7262 43635 19800 38636 41311 -16814 -66993 59849 4510 65317 43546 22928 38450 29287 15051 44214 -44063 -37149 16158 11396 74247 7616 22100 
-4237 -1488 4387 68283 -34990 -9114 -58552 69005 78989 8702 -7658 -10482 -35033 -43477 42468 -21636 12918 6991 24056 63875 34796 48670 4687 -27607 41402 -13797 -33970 -20006 -48043 32624 9184 39536 4360 -24017 -26157 -41020 51681 -44691 37610 -68938 -28487 6273 63248 30552 -32255 -3577 7648 -19933 23279 -3075 -10631 11135 -14540 -18697 -3268 -83640 26966 20187 -14447 -26818 -9499 59754 -29848 30827 2781 7524 49020 -11145 -1728 -29689 41259 -58717 -32027 466 618 4295 -11919 41930 -23853 -21049 -11888 -27746 -38429 7949 47182 -3084 -4282 -7658 -17901 7679 28249 -22103 71967 10615 -23582 20574 -22246 -27466 7360 -966 
20468 33682 45230 -23753 10320 -44886 -26512 74983 -81105 -41277 -24445 -16470 -66463 44461 32193 79589 -58959 -37151 16458 19670 -49014 -26712 45391 1047 18907 -17065 25379 -19668 -8949 22380 -57725 -32903 25800 -26349 27632 -58737 73 47686 41722 -45966 18523 -646 22690 8816 22296 -2365 -35976 77086 -8935 36823 44628 -22187 36077 44938 33291 16791 -113588 -3595 -43223 14448 -33597 -32445 -25386 -19606 41621 -14220 -13090 3797 -1484 -5733 41970 -9172 -19384 -18169 -2493 3671 70835 -42858 45497 22870 25406 11850 -9156 63189 -11557 67963 15219 -24701 31758 -23187 -17013 -24931 41735 -26200 -11706 -23782 39509 -28774 2356 2547 
-518 -22986 6913 32087 5435 36728 -2279 65247 -32264 -50213 31591 37122 -23212 -2209 -18968 41135 -8796 68887 21043 -15610 37186 -833 -40648 -3724 -9798 -6682 -43349 -8866 -44289 19108 16855 26628 -10307 29941 -52782 -30087 -47492 -36036 -42967 48110 -21472 -7066 -9653 62295 9615 55247 -12684 30035 19446 -20390 -48496 -32034 34892 43927 16553 43629 -30457 13184 -10125 10899 44579 15423 20296 -3805 22146 -49020 56384 14589 -11115 -49943 -10147 7551 41272 32669 22161 6792 -26528 13750 -8524 -13754 54670 -11881 16375 -23041 25008 45276 21491 53450 -14122 39138 -53410 -28518 -61946 34463 1069 4878 2387 55071 -19674 6419 
-42639 -51459 -66885 46 32521 -57690 50016 -31062 10626 53346 -13895 8575 54643 -69083 -33594 19381 10773 29550 -31610 2931 36579 -26680 19072 -43962 -32104 14941 19976 38633 -40746 3979 -19728 35763 -28791 35180 -32432 47452 -3599 -3178 37653 -3864 9173 -39962 -12326 84354 -24165 10765 -42310 -34634 22747 8244 -50808 -10415 -27574 -5802 -6580 -25027 83884 -44543 48494 -36725 5888 21348 32730 54287 -40132 8192 54243 2160 -2589 -6536 10469 -37148 -1451 54298 -79739 -60105 -37654 8416 31087 -16674 11040 33011 -28087 53821 -9898 12335 -29892 27438 -78443 5218 -6812 43082 52374 2257 -15956 59284 22078 -19375 -19416 20287 
23766 -38359 46344 3880 -14138 -13595 -4285 27826 -26031 65528 54212 5657 -2528 -2583 1261 -3174 27831 69878 43908 71265 34415 64366 -8370 -17165 -36914 -36609 -23229 978 52585 -34117 14610 -9994 14759 -82311 -34133 46700 43120 8166 22221 10360 -33876 -48524 -31620 10086 -37994 -41883 -102209 -39209 -15316 -34991 12515 54780 32029 -36109 -62040 13616 21950 -38072 38143 5927 -56466 74177 22981 11339 1654 -43590 2951 20101 -6984 -39955 8048 15918 55886 -18607 9368 -4470 83227 35180 23729 -6338 -31689 -1991 26494 34472 44511 40127 31900 63927 -40989 29449 42132 -36671 33315 -20380 -22956 -16143 -20651 -38944 42965 -40537 
-53705 103497 28738 12019 56909 -31907 37105 60170 -6131 69055 -19605 26473 51965 24969 47058 51308 52717 35360 -6097 -96093 -29467 -140 72822 34957 -42483 -24900 -29652 35017 36045 62374 20982 31928 23706 63629 25329 -23234 5740 -1110 -15737 45534 -66747 -8613 -33793 43994 4759 -42176 76575 -14365 24112 3834 28462 -23627 -32351 -20777 -66441 20513 -3386 -3256 -112 -32725 -454 -7261 5614 7003 -35309 14841 -11779 -11706 -13323 16550 -10175 -8219 57400 14516 14220 10143 36289 -40161 29966 7918 -23646 14888 -49894 -57233 20891 -35118 -7703 35951 23503 -38488 -30879 -35919 1318 22531 -34382 7078 -39304 -45628 37671 63664 
-157 -24750 53379 -41833 -37296 -18831 18227 -4885 -7108 -30822 -9056 1398 -13598 18679 -2700 14973 -9867 30789 41352 -29534 54169 2432 -31619 -4923 36765 49555 58844 -52717 -49809 32133 14242 237 19620 22115 4073 -9722 -27485 -43378 -15250 43940 -4792 -1860 6815 5445 -18625 -10776 10115 -4566 24101 -4052 -28034 -60254 13842 42210 17921 13003 -47216 -820 -7614 -66159 -9683 7350 -368 5907 -24406 25885 -38912 -1918 33042 -50414 -7726 14378 -11710 -65584 -19236 27026 -16968 25693 10394 -24515 35191 16800 71983 315 29093 -39634 -4337 -19600 3775 -23487 -19163 -26403 -5342 -80907 35855 -3330 -56588 -31842 -9154 -15151 
-13060 -6945 -19464 -16008 -22941 23862 28822 -29961 37381 19214 22448 -54483 -15257 -27681 -14459 -29632 30981 1994 -71765 42164 -53489 13266 -16303 -6404 10501 -44574 18510 51820 43807 -33953 -35169 -19930 45635 17958 6726 -2816 -9793 -23776 340 -1410 -47008 12841 -34242 -14844 -70142 9496 -9254 43919 -17050 -3983 32800 -45684 51766 -55871 -45552 -6009 -19192 -48208 -10892 2033 6894 1603 5870 -8060 10008 -9035 -11748 -7317 -1985 26119 -52169 26167 -1159 10668 11810 28181 43799 -28753 -2253 21454 21944 -42125 -6702 -10053 -48247 46029 -70879 -11674 -22760 -14741 -74260 -21131 -61970 -31089 32678 17710 1428 15469 -48299 -31122 
-45976 -1534 -14008 23925 -879 16168 30010 -19274 36558 33629 9154 25733 38724 -12729 -9380 -26714 434 38967 -6152 -19653 -4417 -16155 6739 -6710 22195 -5720 -326 38516 150 51102 31820 4680 -24714 19375 21555 -15772 -23814 -3215 -14981 -42190 -46306 -19697 -14147 60989 19251 34652 38821 -63530 -23937 -16639 8654 -24115 22037 -29198 -30876 -13571 36026 38859 3075 5675 46226 -13859 -19394 -20150 -41533 -47739 -10590 7105 12411 20404 -30030 38593 -20178 37918 36599 1854 -26432 -12681 3704 -13539 587 -33354 -12311 21102 38844 -35662 1568 32591 -13502 90963 10028 38305 -56238 28268 48529 -31263 41786 5788 5055 15626 
-24546 7406 1644 -88655 22166 20044 7929 -20217 -32636 47309 -44810 -54071 26948 71594 22226 -4334 -17364 -53683 4241 -31498 6330 -15677 11681 -43493 17797 -59918 54764 32573 61773 -20315 10455 2799 -21272 -41252 76089 5812 60307 -34787 -7056 19831 -44820 -28853 -61557 32959 5745 21968 18090 -10167 -15118 -37018 -33213 7721 22204 -8374 -56678 27744 -6231 -76769 -15092 20386 -35217 5462 -14447 -57432 -43633 58299 -16382 -8541 11524 -8688 -17977 -32143 6396 27937 -22409 51745 21478 -36800 8138 -20042 11343 27222 581 43923 -29251 26826 -19225 15759 2331 -63717 -86347 -1328 -3475 11106 -55393 -3311 -7301 -57338 -30567 58640 
29021 434 46962 10226 -38312 29261 35840 -13914 28270 54392 27162 -4773 27835 -14237 18204 39422 19936 18394 67410 25806 -12589 12867 -15011 53330 5305 13805 -67846 67339 -27250 10623 33416 -27447 13672 5362 44352 1845 -62825 -29691 -12867 25739 32684 -24799 52978 40999 568 3748 68174 -28910 -40655 1629 15408 8208 -11487 2618 32790 8084 -52731 39475 -20852 18580 16226 -8689 -29950 -27446 18920 -58319 15332 37033 22775 -1824 57431 45521 17771 33400 16236 -64976 15625 64653 -23424 -54710 14219 40599 37486 -8211 9652 -4915 19484 7570 -6906 53244 -22219 -32132 -16885 88029 58522 -8742 -21668 -28021 -1875 -10542 
7782 -18708 -99715 -11638 41323 -22317 56903 -4876 -48788 -7976 83492 6264 -30226 -85080 -41362 34037 40387 -24266 30230 21729 -17488 -4125 44118 54 13678 -69206 -51760 1210 -31560 -32781 13063 -19985 3182 -35842 25388 -33606 -21355 -29123 -16939 -48310 9641 29620 -32992 -6219 28163 -7743 44855 -39373 20649 6277 -4993 -4421 -5302 31122 -41099 -31001 49741 3374 -12885 -46710 -31125 6224 46866 -18221 11983 -11291 15445 52873 33800 11719 42251 -17291 -18133 -35949 11758 12637 6924 1714 -6896 52444 48292 -35461 -42448 57647 -15048 10138 -4482 35623 1059 48261 -31510 -46353 67729 20527 -15036 -21306 -33362 13893 -28793 -68494 
36127 -7258 -47267 29196 -36276 -60753 21407 -2925 15218 8994 -23741 -10949 7913 -6295 20571 -36899 18771 -4096 18894 -19558 39138 39035 25286 -65115 26229 57698 50115 -63623 -80665 -38408 -12068 28071 -11197 13967 21469 36678 -25506 30535 13138 660 50371 -38596 -6222 -69876 54 -11349 -21479 -5185 -5996 -12286 -44032 908 -19236 48595 5509 5209 18182 -23913 -27363 355 -326 12419 25204 24670 27976 -19532 -15534 -11065 -17085 11887 81944 -32694 -35683 -16538 -38339 -27072 -56643 20881 -42178 -15369 23339 12444 -13517 22202 36083 -65592 -15163 35076 65680 -23721 29814 5727 21545 32898 80754 -7742 -49601 -32694 29142 37834 
61854 -12646 -785 52664 -74791 -53349 -36633 71147 -3818 13720 5975 -36418 57681 52483 18255 21987 15936 31114 28449 -82143 -45839 30738 -33814 -14997 10728 20519 -8565 14415 10120 -24683 77606 -13796 2888 44248 -48657 -33214 -23404 -1361 -24336 32639 -10256 23842 43384 23920 -26971 21323 44892 20400 2340 24620 13700 -31674 36639 -5416 -55172 -11935 157 25955 -28929 22367 13232 -395 1785 -35758 65404 6035 -28332 -22873 11838 -59234 -37785 19090 -2656 -39368 40837 -27741 -39177 9584 -15244 32031 -10962 22356 -6803 -19565 -9516 25936 25440 67857 -19755 23471 -5970 -53098 -11368 31672 -9505 33248 -24319 12969 51887 59120 
66048 -23738 -17267 8730 -5485 27195 50446 34196 -28802 -5850 -34148 9211 -38365 -71509 -20987 -3723 3846 -2865 -7954 15661 68955 37257 8072 50142 -63500 15212 -525 -17870 -5971 -33583 36957 70580 6518 28341 -30880 42844 5111 24398 66694 -30688 -11307 -1693 -34272 -72551 7632 -13776 -51374 1223 34523 -7731 25752 59106 -38471 47772 -20216 15559 51344 -66076 22258 -53433 3699 -1702 -37262 394 -31446 -12211 -57418 -56800 1047 -21861 18644 21881 -2098 13364 -30309 -558 2746 28748 -28986 40084 -6225 -1038 -31636 83982 28486 23994 4371 -38121 19759 12155 -30166 -604 77525 7634 -11947 -15313 -13665 -12669 -5360 -26595 
-4373 -22151 -28745 29866 31107 17946 -66159 -25457 2758 -67677 -11516 -36622 12502 -31835 -13527 -67168 3668 -30583 -22809 16216 20794 16463 -35416 -9818 31967 39708 34099 -598 -9188 -26860 -55686 51568 2210 2151 -1558 42495 -14399 66710 -48224 -37977 4412 11374 -48297 27717 39367 15017 -39101 34322 41594 -64634 28061 -68537 21498 68128 30263 -78257 26066 -24073 -8041 16258 -52869 13783 -68776 5258 -56912 17976 23452 -31149 -7235 2704 4915 8692 -59290 -31058 4245 23342 43284 -39688 10606 -8029 79484 -185 32151 -13191 -40210 39130 30894 -20706 44684 -622 -5661 104423 -11333 -30659 33269 98014 28656 15604 63170 -7196 
-13992 96256 -34340 14723 11378 -15762 2483 34399 6932 22528 10151 51395 -18097 -19125 28463 -21320 -42497 62029 -18318 -42660 -21327 -82223 41411 -6784 -20818 -26700 -18932 20291 7020 84 -6230 -40407 13414 53242 7566 36849 19331 26548 14536 14957 -2035 35758 3028 -28658 -24066 -74756 -9914 -64027 33501 -23151 -26184 25615 -20989 -18126 26427 -17118 20140 11825 -10846 -11201 -49173 -38363 38295 28564 63298 -10633 8089 -6507 -15311 16459 14900 -68813 -29179 12867 -61 14438 19247 33834 2897 -2532 25898 40426 -2649 36419 17589 18974 39419 -35118 18277 -31524 41476 -1530 -13537 3920 2039 -2404 22120 30074 10358 2245 
14935 46100 45022 -24228 -14061 20979 -21551 32738 2741 140 16560 2125 15743 3155 -31315 6913 -27975 49175 13853 8777 -38765 -6506 265 -23040 -13285 -31186 6588 55611 65425 62622 53672 -23315 19328 -30813 22461 -24941 -50409 -16359 8711 -22275 41865 10087 31561 21241 8963 51311 48740 -6339 -31126 37625 -8384 40144 3983 -49005 -94655 -34213 58195 42236 10773 -27944 57666 20848 19107 3086 6417 7394 1431 39488 -35702 28533 -11459 38204 -19468 2935 52884 -58169 43897 -532 -1157 -34457 -31713 -16724 -28813 -57394 1912 22754 -31745 -8952 10737 37456 -20799 -17992 -2761 62843 -8759 -72622 20515 2215 -83864 10469 
29505 38597 -30026 42949 -62489 35595 -63784 -21743 -6099 -33206 25976 -70509 -3988 38027 30820 -19963 -59488 -15303 -33338 -7020 -16702 -29243 20 -3461 52114 36841 -27031 24471 -10264 -53560 46749 43263 20102 5442 1936 58418 -18757 -16253 5045 41724 44438 -24324 46316 -7545 15070 87718 -8587 -12514 -19995 29855 -30734 -31051 -76678 -6487 7719 -16751 -38332 1129 14744 24501 -11339 75543 -3242 -38866 50428 -6724 17309 -21753 -4623 -39205 8355 -10767 30299 22974 12693 -15031 -46338 15050 18014 -56625 38022 12069 -10770 -49927 -2989 26135 48746 18494 142 59371 -41892 4856 50063 -25208 -2109 38748 -4397 13312 6567 -26293 
-6683 -67223 -17518 52157 -14688 24328 41910 6180 41232 -51186 -36066 -3801 19728 -3374 -41597 -21 -10228 44422 -65281 22442 21098 -53909 -30547 -32006 24296 -46828 17351 1704 -19566 6940 50057 375 -15145 20225 22238 -15413 -13448 78549 -21849 -59526 2592 -58383 76030 -54 96183 25836 52271 -14663 -24774 6502 15303 66030 6528 2095 28356 10567 -14627 56011 17761 -58641 9617 31628 -3185 -37293 178 -39649 -49972 -35277 -46038 10279 -2116 -9798 -27830 49525 -57113 -42114 1467 43532 -77888 19130 5140 2476 -39850 92758 46598 -18740 16783 49092 18081 22940 16171 39831 -27191 28561 51493 -78877 -23943 -9838 -25841 2275 
46531 -15293 68054 23500 9310 -31787 -24121 18794 6415 25512 8388 -18214 38136 -24847 35267 -11615 36422 -42722 -68469 -10846 -18759 18284 6823 21861 -33398 -46370 -23042 10844 37034 -58136 8584 9474 12380 -13623 -28573 -24230 -23756 -6226 733 -52136 -70561 -1449 -24542 -43294 2666 -76789 -16396 -38716 3100 -19127 44931 1777 21996 -4748 8136 -35813 3517 2011 -2182 -48398 4947 6208 15092 -1419 -12599 2153 -20611 -5162 34018 34383 -165929 70433 -13330 -5573 57067 15790 27564 -1042 112 56903 -10810 -66243 6233 36900 -27877 18374 2095 -41560 8271 67498 62691 -43540 -49459 -24228 25462 -28613 -68439 32853 -72167 91207 
-25643 39274 -5569 14503 6483 42898 -86049 -10990 -15409 3697 -3134 36642 -35134 47840 29166 -13024 6929 -14853 63478 -25808 -59959 -18628 6215 -56994 11685 -46206 17229 -16249 40910 36573 69536 11009 -14271 -18901 27196 -20605 2419 6159 21130 -52461 -53110 -1315 14573 -16031 3688 -34269 46267 -32894 -9023 9999 38784 5767 -13075 -11884 -7771 19442 -7990 38163 300 -26918 -6599 66642 -6875 -4352 722 -4195 -17665 -3020 -91476 -25562 -6901 -1194 41989 19690 -9154 35553 31830 -31482 9174 -33389 6020 102026 -29941 5722 46459 -14616 18963 39265 41694 57926 21300 -9120 15063 -14308 10892 2414 -15897 -18266 54043 -7026 
-56833 13200 50127 -43605 1276 -34119 -33545 -55760 3156 11509 20313 -6414 38296 48542 19620 41920 -5100 -9785 -1062 -44822 -62472 19697 -24687 -15241 -753 -23749 4704 43461 -16182 23737 17821 -49073 21867 12022 6572 -22150 -59585 -34753 -27563 7809 10280 -895 12255 84001 16452 38772 -10410 27090 -1555 22209 16455 -87772 24826 11056 -22703 -16575 -76169 -30719 -17595 7459 -20329 47249 -28075 38724 4362 5936 -22476 9893 48702 11426 -30033 -22322 -28546 30098 -23283 -32484 -15433 -31710 20193 -26163 43824 27012 58347 17211 -80157 -9298 10047 -32314 -28505 -11825 -33436 -2490 -34817 -14078 -20624 64086 41303 36343 -13192 -4422 
9670 -4612 20072 36747 -66384 -15656 -9939 45652 -19096 8935 -4080 22883 -41366 -58779 -21124 -25968 -25771 40208 10421 -5193 18203 40195 49586 6467 -2325 23380 -16137 -33565 -9286 34938 19922 6493 4877 -41317 -49216 -32624 -49987 -4119 31764 719 27071 -2691 -23800 -66821 -9081 51308 14648 7965 16892 -19469 16222 38444 25851 27293 12160 3759 -27553 2092 21478 -49486 20163 18467 -347 -8573 40465 -22799 -6313 22657 -38180 -39691 -16827 33897 -8281 1211 24253 -44790 -29198 75156 45816 36533 -55070 -6883 -11939 -69649 36974 -5997 29007 49723 13204 91646 40688 -14558 -14171 44055 35932 -31627 -33858 1969 15964 67785 
17606 73967 -6210 -3038 22834 65527 -45865 -26633 29375 17827 12625 -21059 -14058 -15522 -44440 26830 -6841 -45334 -3157 -6287 -42693 -22993 44317 20684 12885 -34754 -24485 5402 -3108 7131 -19775 58483 41023 -26436 1530 30742 5269 4717 -1044 50016 -41868 -82365 13295 6290 19876 57646 18755 27344 -31949 48633 40773 -27645 -16341 -1014 -2796 -15614 -12904 -12064 31542 -72849 31625 30736 -32963 -16725 -3808 16502 23101 12255 39534 -16583 -24216 -37953 33036 24565 19371 29747 24305 49527 33248 4913 -55914 -30986 -3574 -21997 42296 20477 45457 -26705 8249 15215 -8498 -4755 -176 -33187 9666 -30252 -79748 -26957 -51958 28534 
-12089 38180 -18779 -14813 31808 30502 -29743 17300 -32073 -11388 -42900 -63721 52354 22015 30481 -31485 -69795 -99484 20052 -7499 -35963 -21259 11367 -32807 -29754 -28380 5653 20946 15507 24104 12057 -22064 -17547 18076 -15522 6124 20956 -5670 49107 -17088 9291 27804 -19695 15933 1091 -13653 -1947 12482 -10189 -28108 -66957 30691 2041 3221 -17847 -9663 21383 -29764 729 30205 -16439 -4925 -76765 -5448 -6928 33786 -435 18929 -34114 -56161 -19301 29123 -12340 4957 54408 -16696 -5564 -49739 -21666 17779 -78608 64162 15834 13076 -52440 48884 -33215 -7402 8817 -37095 -2692 -12074 -41309 38292 3953 -6984 39700 -10813 8975 34305 
-50604 8883 33657 10216 36821 29948 -25121 -27661 59293 -56412 41088 19696 -35577 -40732 -84194 38753 20574 -33261 -19141 29149 18724 -49379 -20254 12865 -20713 -3099 13550 -12635 18587 34054 11595 -41040 23141 -41811 34357 -24608 16240 -24508 -39361 66165 -432 39350 27457 44354 15168 -4557 -27569 -9050 3176 -16430 -32773 -5231 9569 25008 13888 -7322 24221 -54537 15545 -706 -9933 -9896 23310 -39932 -23793 36841 27677 19829 -44280 -38088 -6145 -12487 18338 -134484 -64576 31150 -13616 -32461 -15606 13735 34596 -3405 28771 -57624 -32763 666 14149 -5847 1335 -30320 29417 24624 -13607 27951 20113 11204 -22896 15699 -30220 -29405 
25779 30099 -75133 -12101 -11188 2179 60007 -13242 29978 -42830 -47581 49683 -43485 -5920 14029 25028 12205 -47790 -34981 -45614 -59515 -41669 -41878 -29268 -12608 -29413 -8455 -2597 -22396 -27817 -26828 4836 31180 65016 24815 -504 -8505 19502 -17203 12797 -6274 -6969 56759 -6408 24359 45438 52046 -3298 -64891 66465 24866 15539 -39295 66434 -34068 34077 13998 46229 17649 -44318 -10210 13696 30164 -12814 -47069 20366 -91915 -6047 -3927 71829 -24845 -68810 -25555 13812 -9137 -36049 1955 16812 -30289 2299 -11189 27150 -35798 6155 -13505 -71579 -11458 -39543 -17508 -73127 -13846 30769 71104 -51484 17976 28071 -9817 8312 -17315 5685 
-21320 20044 -46471 14826 8380 34127 30283 -27046 -5701 -23273 5005 -3101 -17441 17075 -12135 -21625 -45360 42164 -92324 35241 19086 -64056 12499 62079 -9831 -16445 -26188 -44242 30553 -23382 -39565 -19316 -21589 33627 -27978 31237 -295 32406 -21237 9062 4102 -3085 -88 -27324 -33834 -51725 -64067 -44901 4163 5904 -20494 6986 14031 -69388 3044 -32506 34212 -44646 6642 22763 4919 -29059 2842 -15355 3552 -22663 8345 13317 -11398 12258 -12118 -79788 -11830 -32138 -58571 -5832 35576 -5269 6025 -35456 26026 47328 -5780 9772 974 18632 -36166 32351 7226 -51980 -5047 16258 28641 28914 25820 3127 -6606 14026 -40243 -38461 
3472 1634 -7930 -6731 -7406 -47492 4586 3442 40904 -21478 -32576 40370 1446 -48525 32372 7479 2425 -40562 -37852 28501 -7300 -7921 -92585 505 20975 -424 28440 54987 -15610 65555 28728 10898 17133 47656 -37442 78964 -24923 -72319 -48958 56171 38564 -32126 1362 44629 11478 -15816 51599 60761 -34519 42675 -28420 -18701 6333 33196 -44676 -9551 -35465 28121 15401 87625 35787 -25227 1250 13177 13505 -17454 25279 -4147 7419 18296 -11544 34671 -24052 -59587 -5389 -4983 6231 35615 47383 -9578 19127 -47165 44909 -86759 15465 13197 -7448 -6358 -8230 11967 -31875 -35105 -44422 -15232 17912 -8682 -31068 494 -66527 15295 
17157 55302 29311 -23738 -78205 50251 -1336 7263 1766 1031 -23547 -22010 -15261 47382 -23742 -37576 -17563 -4494 -67165 26806 30148 -5123 -25638 -11564 8236 -24755 13584 37315 58083 -8587 17015 -14901 29017 10111 26438 -28286 6662 -42357 97866 -26745 -63948 27335 -83093 37180 -69334 17003 -119 14448 -922 -28984 27457 37334 15037 13388 29123 -9389 228 13787 47851 65610 -14019 50027 -31904 -44236 -82602 52649 -11339 -1395 -15838 -16993 5111 -31687 34177 -16804 -33455 36083 -41382 -17070 36528 -23763 20818 -3079 18032 6844 -54220 35652 -13637 34050 -10806 3529 9757 28906 -30225 -2932 -17337 3179 -14679 1906 -25184 56184 
10316 90756 -36267 40468 -19715 -693 -41803 -16820 1243 -11161 1621 20103 -30517 31717 -18890 -49527 -44930 -20991 42083 -80614 21067 -39065 60760 -3399 22699 -41134 3382 -9122 2702 -23126 24292 11801 -13964 -5065 31521 23381 -23756 4122 -20405 59924 36366 -50282 2294 -29966 -13110 22080 15935 -18206 -2248 -19690 909 -49176 -6861 26187 55742 -12899 -18912 37539 -37388 -27281 -115 2738 1100 -23721 -21627 -29822 24388 9821 -21261 -17050 -15641 -11814 -23932 3482 26391 3328 -32013 -4033 13884 2636 7156 -34128 7262 -7565 -10033 -7843 15155 9644 58096 64864 52917 -27239 7034 43491 66619 -36431 -16738 38086 14974 68638 
15256 -264 33635 -34895 89930 -17914 2576 -4044 -20337 -25053 58435 31491 25830 -20078 -39725 -1672 -22142 -18086 -12296 10552 62020 -24708 26994 -28557 -59723 -28231 1889 -981 -22792 20362 -25017 -8208 -34223 15134 7898 46893 -5190 13017 -24996 22451 -1881 -49628 27506 46339 -10861 15852 -67984 -2811 -16594 -65315 -50101 11063 -22311 13491 4058 -26831 34572 -13619 -5094 -35417 15981 -3850 1980 -21878 -104442 2139 -14176 29475 -29127 55622 -9599 -21313 -29677 364 -5202 9448 459 -53716 24831 27687 2722 12252 -29125 -12626 -2202 -18884 16286 -13919 -5473 -1379 12761 4858 -5959 34126 -3730 -7728 10355 -4480 -30089 24117 
-34876 -32126 24895 -5126 48502 28200 -7623 -61813 36029 -30253 9166 40512 -7040 -1741 -41568 44138 54974 47148 16478 40181 -12449 10206 56658 28504 43827 -29660 -37183 39644 -33796 21087 -28908 24801 -32586 10265 58625 -31719 -23180 8136 -18681 -33692 -51066 -67701 37792 -19777 40626 -35772 18891 34561 20531 31575 5884 -44731 7686 -8045 3885 9136 -84434 -34096 -35087 -52954 20631 -46085 18136 25382 -33670 -42833 52492 29517 -49768 14679 -5227 27071 29022 30062 -35410 5172 -22048 4123 -13564 31793 28138 -17813 -44798 12824 31103 8161 8144 30163 48384 54658 12629 -3456 706 -424 44723 16434 -46458 12027 22368 35865 
-31690 -7860 -2830 -375 -14982 66047 16508 -19440 -10944 -21824 -18896 -4753 -53241 29353 618 -12481 17144 5386 9876 4987 -15610 -64998 -37211 -14548 -7183 -8672 -5049 10589 15743 -8121 -36231 -25652 23532 23174 36704 -19481 45193 -4186 -14662 15873 5621 19963 36049 6108 47740 24002 46716 2379 3730 25863 8345 18941 -35524 43149 -30465 13379 1280 61053 -23799 -2513 -20690 -42805 11800 11364 -47182 21651 -29910 -12417 -31953 26536 -54127 34450 -32829 -13554 31904 8383 -16332 18308 -61010 8181 22628 -28109 -33324 38367 -23309 -18456 -64124 -52175 -3395 -32431 -38364 16835 -10335 -52293 -6640 39776 -6097 25108 -16230 3228 
-77465 4654 -41777 31960 22117 1553 43230 59547 -14649 33146 9042 87403 -19149 -30119 58026 -50283 15519 51332 -56937 -6289 69294 12785 41002 -13120 -46888 -9854 -58497 -14195 83199 -43581 13653 21498 26154 21188 -22561 -4096 -2489 -12988 26812 -28890 -12587 16950 -70082 22833 -37283 15264 -19758 -45294 -10179 -18195 -25140 46933 -4876 42464 -69488 29097 40311 25376 46028 -35704 5801 22261 14922 -46844 -10659 -40519 -14746 -34100 7831 52437 -37184 -64052 2168 -8456 15757 27711 -13767 17320 -10989 -36978 -36174 -19398 -44346 -5060 45049 -60526 -17389 59674 -60740 40006 -58830 17156 9981 11220 -7535 63346 -26892 14889 -4965 5009 
-9715 -35020 31077 -5292 -8105 -8037 44198 -51186 25998 -5610 23724 33396 -25742 -63326 -36196 -2276 6449 697 -3984 -57562 -13033 57487 -27203 32032 11214 45811 -28812 -12674 -62369 46869 45634 48429 -39401 -32882 3054 -35383 -22587 -44391 57224 -25002 -35089 14891 28709 19208 -10058 -15770 -22091 24498 10381 55618 -48062 34607 55873 -5042 32531 3086 6259 -31682 23036 9725 -14641 871 19734 -11517 -27213 62629 -60965 -1223 13275 -62849 15365 66167 30588 -17936 -25708 36611 -29870 15733 -14599 60529 -11437 33916 43450 -2738 7182 -18976 2515 11058 25600 3489 39258 18841 -70012 -12415 -42591 -59843 15322 -33455 -23514 -10575 
-1559 42393 18541 19148 17909 -175 -14465 26509 992 -27916 7444 16853 22149 -26685 6737 12342 -38892 19858 22171 2654 21649 8860 665 18405 -83778 -2263 5688 31568 5239 34086 -40532 -30337 -29848 23187 -67715 52803 -32947 30208 -3490 39609 34744 -19407 30715 11027 -25289 16708 -10320 38548 -1861 8813 32611 -9520 -68676 26532 14204 -54128 19503 39302 25918 -12805 26463 -42335 -22835 -29173 67120 -61908 48011 -47566 -51160 17755 9602 14243 -11650 3796 14870 -728 -13832 34328 49148 23452 -35673 -68104 -21697 -17333 -10382 -3064 62882 -45466 -36967 58771 53480 -20003 -57943 36920 -36446 -20365 8712 -39211 -50249 10777 
45657 17076 -4323 24690 -1145 -31393 -92823 -5633 2973 -53076 35390 -3109 -41384 44607 -1007 -16703 -14137 -38557 67962 -73003 7046 -10348 72870 48926 53346 -3411 -1301 13482 3064 38581 -16135 -4422 1623 20009 -1423 -22658 -15926 -26051 -53320 1800 -61645 -16207 86792 68440 -23490 -32641 45156 26303 56238 61936 10726 -45889 3891 31233 17596 -18603 -54479 44090 -38417 -40826 65866 22758 40870 -16526 44101 -13820 270 9944 26512 17478 -13533 30502 -682 -2042 4902 -26907 58549 -32119 19541 54553 -36276 -14582 14287 -23293 -9743 67595 47053 41303 523 -7008 28571 -30418 1020 -31967 -58839 15947 -8165 48601 -5933 1784 
13679 15822 59380 -76666 27822 45381 -68426 -28478 11565 -18661 4678 9360 66908 7942 -41023 1188 -8317 41099 -47860 75360 26867 -36567 44259 18373 -31373 -37934 46365 42226 36489 13973 38886 4156 14364 -9009 10917 4531 -3692 -1394 -14886 -5149 -2412 -39279 -14378 -10053 -4975 -22317 -70162 25369 59296 16579 -72439 -19726 -27140 -7749 -2025 -10549 6506 -39160 -11022 21069 85090 -25584 -21385 71834 -9556 2860 47467 14531 -25808 34256 14343 28621 -40199 -41112 -33811 11669 4383 3027 38130 -607 -10121 -47752 25354 -58813 -41121 21395 -33472 8850 62617 -73059 -24284 29997 -22188 19294 12541 -45430 -35302 -3074 -95740 -10922 
64299 -2770 11696 -12572 27016 23047 -7050 31925 -59700 -8644 7692 -40599 29641 -5131 -38006 33162 -51810 3465 -239 54258 -31427 -14230 -43740 -36867 -11082 -2395 22494 -80340 6096 7183 2318 -19508 39069 -22452 2910 -32838 -18676 82687 38875 -10732 38142 -11894 16562 -4208 23919 -15376 -14513 7826 -72695 -63901 -8119 34140 35093 13117 11868 50866 -43689 39004 19596 46373 -55884 50943 -14087 -52455 16045 26570 -18609 54427 -27874 10337 79260 -110746 -1208 -8729 -18396 50751 28765 33072 58618 -40235 5729 79239 24868 14077 30190 -6229 27383 39716 6193 -37669 -19936 31829 -35428 -8655 -20876 -31956 -36166 -82584 -30196 13137 
-34049 -38361 96781 -7505 -11141 399 34089 4465 -18477 -42355 -43581 20321 53021 9597 34537 47132 4561 87131 20978 38257 -28192 10109 473 35918 13635 22241 -33291 12064 -18848 -610 42573 4522 -14893 29001 4418 -29735 10583 36027 -30494 -9432 29861 -37382 -24566 2161 5780 -5538 32877 8379 -7254 49036 -32961 -33219 10876 3734 30511 -58208 -270 17704 20078 -36277 21714 -21393 -49394 -16008 21182 3263 25776 -7535 -55762 35587 54681 8145 -7624 29884 -64623 42923 -3538 60331 -59584 -40701 47488 -34826 -58295 13552 108 596 -23500 9409 -20249 3107 -26212 16905 29899 16575 10015 -31443 -25878 -35939 -22815 8724 
-3509 8624 1442 -27271 -5623 -2391 48694 8657 38367 -40901 14831 37737 4523 -31154 -19701 15322 -49468 -46341 -29622 -1961 38678 -20957 15555 123393 22171 64392 -24919 -69 -13059 6797 -31782 15085 -23011 22989 54398 -25332 45023 -26240 9897 -33396 -44051 -12364 20464 7589 -44445 -8261 -27 9626 20694 7324 -13038 4247 -29862 21545 92808 15022 -2091 5959 -6443 -33703 8624 -63889 12996 -80384 16437 39409 13053 14366 27003 1808 -42442 31045 27685 -3002 48981 -4334 39732 9851 -4029 -50492 16113 41382 -48124 -55162 -274 34535 -7264 -4333 15485 25111 -43722 21072 60258 -29990 1377 -18870 -51982 -76822 -52114 -25757 
-53315 -75410 11821 55084 74682 33514 -2162 -47492 -16342 -104087 -8678 11581 72206 46502 -29808 38967 36226 -37709 -9803 -11477 -56102 -12956 -14511 -17032 17620 5694 -5582 -71626 11119 54622 -33552 8270 88907 52778 14568 -10938 53390 -23664 -52600 28714 -16457 -26082 -7327 -53693 114094 28361 -5854 59433 7946 -17028 2775 -539 -15981 -9566 -48669 -12640 2669 -19337 -61185 -4902 76644 1036 -24350 41547 -33981 45965 -3668 -56376 -3944 -17543 -65996 3445 -6436 32177 -59085 21041 21394 -22951 -1330 -31765 -34268 -9816 42138 29818 3439 -21603 -30831 -42746 -8737 -79715 -21503 50110 5384 -83394 -71373 -12767 10381 14557 -29020 -20543 
-57586 37606 18618 -42861 19465 2201 -34609 -33880 30216 -11244 39368 13900 15358 3672 8096 9424 21777 -5873 -63872 -4091 -6789 -35373 3546 25782 -4911 -20556 8355 -18417 76268 -34644 -450 44830 25970 25396 -18391 3871 23644 780 21185 5713 585 65868 14589 -58798 -33198 1315 -50396 22980 28549 -29833 -5321 3283 -22604 -79043 -1718 -23737 31139 -44349 43780 -25089 4340 -713 9695 9661 21409 22362 23850 -54001 26396 -16350 -44496 -9110 -44452 39804 -65215 28731 -64657 -9674 14505 13692 -30551 -43444 10785 13102 -46608 58123 -18957 -19473 24226 45596 11663 -9696 -5836 25971 -67741 -16370 21736 7551 -47899 10627 
-31919 27210 27875 3655 28019 6034 76519 20103 1633 -4993 -22159 72342 5627 18886 -10748 -2377 80204 6063 8432 -19414 -16928 2549 -10291 27333 -36878 -620 2751 -27148 -31703 86 -15002 -2367 -14929 38069 25255 -13122 49642 -30196 -13016 -15492 -26597 50410 8761 31371 -22782 -21188 13637 -24606 8181 -46590 -13054 -20864 28385 5750 -19823 8368 -3127 72573 32415 -31291 -11149 -26048 1880 30904 -31153 10147 -6186 -12444 1873 1184 3089 -558 33025 24526 -1965 -30791 -43507 -26834 -45298 -23925 26274 16959 -32751 40789 5452 -31523 -5463 49954 29355 33780 27507 8332 -16482 45432 11344 8307 16649 26583 22639 -23791 
-13506 9880 -41051 51243 -22641 -4624 -41586 -6740 20242 31924 -23069 15442 -58124 8440 -8645 -98290 -5586 -33391 9135 -29306 -20772 -38232 32426 -69557 -18822 66545 -71344 -31257 -22674 -55048 -69191 2180 -25988 14197 2010 -59326 37681 -31270 19538 -34992 15832 -27981 37468 73001 -62936 -67708 31099 6926 -2114 -24749 -4267 -3646 36662 -49212 56102 29179 25018 -8044 -43804 55406 31464 -13002 14239 59873 -53986 52066 54236 21712 -415 6035 25508 -22795 -36472 -38212 50402 1520 5613 4770 4882 7423 -16101 -16997 -303 -27661 -5017 -19178 13130 7754 -24811 17544 116615 -223 -26531 -11713 -15898 24039 69885 29934 38114 69519 
-66198 2863 -6930 -24131 92441 -56680 23865 40765 14408 30002 -871 76418 71751 -34346 70260 72197 58042 -80535 29917 -23871 -47346 -29593 -64061 28380 -18602 -13762 -23712 -59571 21271 16675 -14498 12486 40645 467 21304 -23230 20307 -39668 2828 -7180 -47409 57664 -5472 16112 66610 -5808 -17265 -45847 -18887 14878 -11044 -21805 -27058 64834 28660 -21531 811 24076 2231 -6389 31822 -43473 -26683 12164 -68221 41619 -11586 -19010 32808 8667 -39714 -39523 16454 29554 26280 -25072 -42201 -55673 5395 -62766 -62119 23732 52280 -8793 7283 -78210 -19728 3579 -33155 -32324 -64391 -21317 -18267 -40388 -33886 83415 -7909 -33972 45593 -39523 
-47961 29485 -22836 -18899 23739 45991 2799 -20529 38339 -6045 -10458 18666 47289 40471 -40950 51581 26886 33296 27481 -17045 -7006 -7134 36818 -12503 5850 8325 10288 25567 12973 61178 12471 -5190 13175 -12645 -3071 23401 5333 -9329 38651 15296 -912 7530 5212 22615 -27705 19688 44846 40016 -49927 54739 -17412 -30971 -3240 -13956 -4568 -13951 -17710 18255 6351 -62612 51933 -48680 6993 -2138 23207 13565 1999 23174 37587 14583 3391 -3547 38546 46174 -7564 8144 -7919 58885 -21184 38179 -53725 -4245 23529 46306 9955 -12022 -26377 4597 11379 52256 5867 2247 -37925 50782 -17268 -6443 -19175 17709 -14669 3919 
32024 58172 -57336 -19126 -20175 64233 -15728 12168 48343 38965 -12255 7327 -6110 35108 -71960 13998 -4611 10277 13389 36955 11269 14220 -27645 -28215 -23219 -6781 30415 6502 3576 -22597 16966 -21102 7663 4492 29662 21151 -27530 29613 61043 -9461 -15799 18067 18763 5116 -53691 28059 -383 35389 -28515 -23052 10450 20933 -17588 1916 25947 -12583 279 -18007 82663 -6334 -4376 63081 -11770 125 18987 -23276 -1682 20370 -45147 -83573 19873 -40601 63071 16259 40012 -21577 -47610 -30236 45258 -19709 -25872 71329 44741 -32766 -28950 -24159 55899 21702 -11492 -14456 8020 7952 -4371 44608 76737 -25259 13647 -27055 70640 -40828 
10164 20366 4533 8500 -60920 22107 -55748 11438 3922 -45882 -53897 -24007 23690 36626 33445 -34567 19337 56373 45781 -96194 29757 -23989 -10805 -60194 25531 -32302 72364 39054 -15700 42875 39194 -19487 16079 34171 2988 34023 -30754 -12098 -2331 44894 -4143 -22784 -36929 9842 -7797 23402 36372 -9089 37177 -39482 -34387 -10954 9745 -14737 4379 -38827 3077 63128 -41489 22995 -13346 48874 -48616 30994 -24892 -59091 -23516 -76637 -40034 -9244 -21027 27052 -108098 29379 5251 -15948 -20895 23464 16339 -42485 98957 -5005 9826 11666 55632 587 -43518 -33723 40332 60522 -33454 61789 -62222 -20522 -23794 -20529 35151 63642 -14828 49950 
-48214 -18822 -18280 15708 -21201 14103 48737 24494 23236 24477 6154 -38554 27862 20389 16424 -24877 8767 -79224 -58238 -8587 6284 20863 -36648 19509 27865 -48335 45697 14618 33758 -38463 18760 12538 28923 29520 -6351 8133 50456 -66584 17845 -39036 -37445 59144 -108063 5037 92 -32486 -2415 30082 45461 -31006 35085 6231 -2638 1999 46506 17422 38805 21074 10595 46576 24559 57071 -17667 -28894 -29931 55587 8425 -19475 100396 -73040 649 12202 4835 35038 15473 -8315 -11742 -8075 39998 -80696 -69729 24228 83006 36025 -66060 12302 -26202 30014 -49148 -21440 -53696 -5002 -724 -76744 -32833 19605 -27957 -52643 32770 25805 
-1843 -18285 -6571 44640 40891 -43085 -16708 46011 1157 -16131 30154 41134 13004 32791 16197 -29223 -38390 13149 20959 -31051 75697 14189 9794 12530 43271 82498 55952 -68085 -5695 10090 -16206 20019 -33736 7837 -19843 -1788 41913 -67334 -19049 6468 19217 -50693 -20385 -25179 22072 11021 -22227 -22298 21914 18554 -50580 6500 15699 16133 -38419 53346 4725 18838 35000 -2498 26775 -27705 77413 21960 -18611 3834 -4806 2836 14067 39264 -60327 -11349 17208 -28972 34633 1382 -23827 -38629 -9380 -33223 13930 -7650 -68112 -26397 -11233 -20739 -22800 18673 -9413 8613 -45894 -58325 43502 4084 -21295 26670 -8508 7815 11595 41584 
14512 -44337 37985 2099 22041 18334 -42544 -19257 -25047 -28565 9168 87 -27794 71993 -36967 -17007 4370 25832 6088 26311 40142 11575 -53544 7047 28337 71782 62580 -37175 -69591 81887 -23694 -27747 -35729 38022 -996 26941 140 -15531 -60239 71786 45169 -81505 5743 29422 -61713 16123 -35595 27689 16219 -49916 -31761 -87967 35974 -12206 10573 28240 -51202 -16264 5378 -35010 28076 -39040 -5145 -38263 -19517 -27617 -37803 -64999 6992 15560 -14402 7087 -11260 -31931 33507 -40011 -4054 44677 -52989 -38085 -18999 -15809 42584 -23293 32807 -51273 -26266 -1051 -27441 -12498 -20453 16479 2352 -26595 -11682 11372 -57242 42122 -7199 -9249 
4293 27372 -2371 1733 -30040 -10920 -57884 -23790 13863 17498 52725 3142 23007 31813 -10050 -46957 -7532 -5839 6749 -11860 27167 -1413 19648 -22753 38871 -15231 -31679 13541 -59862 43954 7266 -25414 10929 -9426 3595 4491 -45480 32086 23878 -24516 11351 -14158 -27891 -12828 12811 27560 -16647 3938 53419 -40430 24221 53878 -28468 -3076 -4696 26104 -28579 -25451 -36411 -5730 7999 74148 45358 -21095 -163 12534 -24297 -5024 53818 -22126 13776 -5599 -25035 -65289 6421 -15586 -29486 -2406 16179 -33888 -26144 44324 29307 -3356 11224 -39823 44877 29435 89511 -24633 53011 -1662 12258 -9445 16837 -13848 -43190 -13922 6675 12163 
41047 27353 -22272 34441 -45679 -3316 -70 46577 -45588 11886 21897 7669 73278 37203 18343 31506 39079 101089 65550 -20780 46805 77557 48008 -43703 -23914 10587 1378 6622 3258 43217 32520 -2797 58650 65477 -24457 -422 -56777 -39408 42969 -7868 -8304 53294 -6952 -8595 -20415 52141 40432 -15233 -17773 25020 -31144 -41992 -23578 59952 -88023 -6795 44525 40590 -8828 -39060 64473 32898 -20274 -7748 100159 1515 13245 66691 21232 5625 27285 32068 30817 -34424 49888 16024 -14541 22551 -31954 14901 -8311 -22155 39979 -9528 539 -13870 47391 30071 -15127 11473 1257 -24552 -52583 58662 9345 24407 -31740 21745 44422 70050 
-58197 5088 -50645 -39113 -17735 -29981 -23762 55373 28661 75905 43626 -27940 -10111 1627 -20386 66369 -21903 -16775 35876 -41513 -19593 -13977 598 -7992 2248 -11160 -26260 44627 49246 4699 34421 -37402 -9698 -118523 29848 -77021 -30148 -971 58023 18644 4777 27883 -70137 6960 -14867 -47099 36087 33331 37505 19362 22868 9049 -38006 -38281 43559 29282 -8894 -4571 -65211 1209 13824 -9945 -23259 -8954 -2380 13185 -44502 20916 18610 -36410 44018 -38578 -29642 -56520 79435 16206 4605 63811 30813 57752 -11203 -19514 -29403 -60867 57532 -17989 -50606 21977 42896 -4788 -23599 -7324 42960 -8664 -49290 -6788 -9910 -26532 42646 40715 
1123 -35396 -40496 -38431 -33534 34357 59749 17840 71343 58317 -54331 5858 -32099 -47033 -41953 45693 -16879 35139 59035 -31338 -36282 40149 26660 -8766 420 3827 -11407 387 -22644 -34665 -1105 -31914 -24353 -71148 12706 -76238 -35476 -11995 21546 -19475 6569 3096 9282 -41639 -84071 -17104 31493 5086 14508 21231 -4260 10838 40741 -52176 12543 44455 22564 -11987 37235 -40636 -61566 857 7447 -35124 32613 -11235 -26288 31663 -15696 17776 64926 2985 -26006 44686 -46219 6477 -11982 57134 -3198 38871 25378 71201 -35420 3932 -17743 -3955 -35023 -2878 27368 8873 -54384 -33023 70249 55580 34125 -53442 -40827 -907 -19358 -19928 
-27083 27575 -63331 12308 -31066 -4114 -11651 22447 14832 -1271 40079 15023 -75616 -45266 -45612 41658 -2565 13555 62124 35012 48717 -44781 43978 -2842 37650 -4096 16148 -65598 -25164 -4030 -13449 -4477 30064 -12639 23775 11361 -27848 64375 65401 -35634 -5062 69044 23114 3789 6028 22284 42293 -23190 52526 -3034 14886 2346 -53818 -22529 69779 27050 12373 -16547 8730 -39171 -714 44321 11186 -28417 64452 -26763 -4271 60535 9484 -79459 114158 -48847 -10668 -37315 2976 -15213 -45612 -8170 7135 8940 2215 -1520 7896 32661 59765 -11419 12279 64572 38375 -547 8823 -14539 77597 5517 24535 -28111 -25836 -22070 57170 -58384 
14209 7528 17062 29378 -52949 -25586 16054 39741 -55837 38545 2016 -19089 2274 -25721 19920 -94913 -27678 -15138 -14318 -17118 -6009 28009 -23167 -33368 -22698 3341 -3300 18085 -21142 -50209 52116 22679 8677 -4038 -47493 27584 -71481 -6506 9531 1482 63696 4134 -70016 -38727 44539 14535 -33183 7722 31029 -31931 -5222 -39203 -4241 -5168 -24734 710 -1152 -26624 51585 3443 -68251 69705 13835 -16625 20833 -15231 -2138 -4411 30083 -30497 -676 46183 -11936 9735 23589 -50504 -480 -16215 15120 -15041 1820 -26956 -25094 -154 -88362 42597 25745 -18052 22239 36301 -16156 -27419 6469 45226 16308 -137 -15666 -37863 -20620 21398 
20073 -4631 -16942 74199 71767 53628 15767 7345 -48025 -34564 34376 4560 14553 -16460 8112 35678 79044 43970 47726 41745 -48524 -21411 -18495 -20384 45526 -65412 -54454 -64155 28588 10984 21166 17692 26211 24686 -41358 38266 21377 -1065 -23454 30697 -10640 -27768 17553 12201 12691 1871 64321 -1141 -50459 -38657 15313 -26681 31739 -10949 -23510 14651 -40833 37101 -38619 151 27412 21497 -17705 2774 70370 829 75927 4895 -16797 3898 34579 -36608 86547 6630 28042 -11077 18855 -15862 23897 -77098 -64209 30146 6744 -65841 72668 -26284 56467 44640 -22936 66587 -6252 -36839 -43202 -41298 -1069 12001 -38255 20566 75522 -73853 
-86802 10613 6614 -2104 34223 -17116 -61461 -8587 -34076 24561 -12409 42956 -68332 -44600 44155 -5546 -106 -11700 -4948 4176 10097 -18989 77160 3897 -63847 3491 -1934 -6317 61189 -1221 -15153 -22683 53228 68867 14091 5330 7600 54598 12072 21613 -31791 17710 21891 -22906 -30522 -80915 -70320 5090 35838 -43117 -28488 -29602 18782 -30195 -77319 -24874 10379 -47802 52650 -60174 -18074 12162 -11638 25359 27204 5450 -20326 -7397 2093 -34984 3079 -47808 -33431 -9970 5118 -22633 43123 23621 33819 36944 -53264 -39734 -11046 28070 31808 -15789 -11720 55010 -22160 -41053 24892 3458 48145 5519 -12758 23456 27189 32129 27637 3886 
27279 8328 -65609 20865 -57193 58057 4231 24676 71457 -25981 20074 -11388 -11259 -60657 16763 -39915 12270 -28793 -12011 7625 -24286 43035 -25495 -22871 13770 -10775 -38783 -19343 -58159 -25596 -16417 16874 18486 -44279 -2272 18395 -15828 -52389 23743 -10923 -41535 26696 -6718 -23944 -54929 84242 8595 23623 -24690 -7035 -25710 22895 20880 -21751 -37730 -34815 16548 38728 37531 5294 -36803 49027 -35159 -44230 -28955 -5609 -19493 9914 -25831 -21718 -24704 -14625 -60679 -38564 -28207 63925 -54876 37339 42106 -43342 71007 -4177 -38234 -31845 5648 -28401 -17936 -46448 7691 24873 -4634 -17074 23147 26120 14047 12055 338 -35781 -64783 35891 
43732 41980 48410 10396 25563 16532 -33153 -80401 16826 -24277 7686 -13292 -17510 8771 -8668 -114490 17345 -57432 -17807 30521 -4855 -30076 41423 11379 11058 -8167 32703 23425 -26687 4568 -8577 -19791 -9613 -53986 16475 -19177 40843 81486 -50892 -31997 41508 2627 -1298 11076 -31221 -39579 43168 -67 -164 -72405 -47946 -35319 44507 -26826 22677 13301 -18130 -23696 -35093 27033 25001 5385 -1126 34101 12792 2930 5421 22671 28740 2128 -13055 23253 -6904 -55316 48078 -68671 25472 -4211 4112 34395 -34114 -6190 -17271 -32914 21587 14960 -9050 29794 12923 -6725 43312 44733 20065 7589 37296 -23608 32457 16262 -13410 -34326 
-36734 -3209 6098 -40280 -23673 -15566 31906 -35365 15185 -46745 -26934 1817 -16576 27197 -769 6672 -73436 -47582 -88662 -33470 17594 -87562 3395 -29695 2244 -44558 -7700 -6974 18535 16008 -24505 -85050 -56916 34328 -19554 1649 12169 -1921 -42310 21073 70415 -5020 19281 -7547 3243 -56077 -5270 -19584 48955 -1334 403 33047 -4238 -3442 22273 25207 -5642 -707 -18659 96944 -44502 -5696 -1723 -1412 -12570 12555 -30451 22002 -4472 -7152 -10474 -38843 -59619 8537 -1985 -33777 -68966 6178 59696 -40446 9852 3860 -23820 11243 978 18639 -22226 -33315 -27107 28218 37053 7026 28428 -58307 39815 25607 40488 -21492 -8626 29925 
32420 -39528 -44436 34243 -40098 -18384 32707 -11579 24610 38955 26029 14705 14359 -44812 -22080 -16826 14203 23036 -17800 4115 -30123 71237 -13499 30755 -43560 14268 -19259 81706 -69660 -43437 71606 47322 -54348 -45018 842 58120 -36497 13774 12338 -44350 -20212 -2679 -67396 -2491 -66562 18496 -31310 -40567 25106 -20976 -4135 42289 7064 22913 5860 -2516 60987 26001 54557 -17983 5617 11427 -38647 -41608 -1687 -12771 17407 -33113 2031 -45678 56724 23496 45360 -1798 -26502 -20685 -28851 43238 -38391 -33706 -3998 42831 -4890 1340 26111 30304 59354 34939 -20344 101291 -1515 -1537 -14216 2698 15986 1394 -41092 -40854 -13226 -14367 
3567 -17638 12414 -18974 51968 -21867 81118 -36609 -24506 37148 -80917 64111 36209 15897 184 -19468 29933 -7265 43347 -25029 544 7835 58412 -3564 6485 -3385 16248 12028 -23647 59212 -10645 -25585 13199 9955 14024 -28789 50210 37208 -19682 -1441 -16980 -36684 -40962 -1771 -35039 -49594 19101 -46116 -55009 18301 -71193 -49467 79023 10330 -31150 -22681 -46285 1803 -43055 -7167 1253 -79896 8167 3487 7359 9414 -14707 16123 -10793 49936 -8157 6581 -22447 -4099 -58417 12712 13651 39928 38742 -10787 38473 25591 -29937 34844 55279 -10644 1525 -3270 -38810 48365 -22383 33911 -23429 8041 943 -27279 22708 36334 -6811 7806 
29466 -29330 -29964 11629 -4062 -73116 34025 -5206 -71820 -3298 -43563 25680 -19301 -4910 12737 -6994 36427 32624 24220 -26521 18211 18539 12665 2027 -36058 50997 49198 -42931 -29775 -21457 4617 -17304 -6399 4937 9298 45592 -26216 46888 9336 -75692 12301 -20946 -11897 -59591 48112 -34619 -48941 -7821 15614 -47043 30526 51921 471 34456 12072 20638 10204 -804 1134 25239 30536 -58370 12401 -20885 6076 -9396 -49141 -95762 12621 21510 10161 2261 28061 12907 57604 -4954 2862 18952 -46906 81017 40782 1451 -1579 103298 12747 -31508 14925 9411 51054 21954 -4377 -2378 -14493 54013 -32535 -20602 56841 14801 16366 -15851 
-18861 4682 2572 33507 -41497 -31663 16314 72167 -44280 18943 -28726 -34964 31518 39378 36641 -11574 -60208 37846 -21358 19025 8744 -30568 22603 -30430 23735 32862 27522 -51163 40268 53080 -75245 -33939 30697 28108 -32687 -3091 28184 -8013 59781 10246 93849 -2152 2946 -38798 -16107 10638 -22081 24169 -17037 -5640 -27451 39070 106 -34486 -17575 -53872 28348 40338 -19818 50053 -43567 -43424 -9123 -63754 37040 -1595 -4678 -44405 -6735 12148 12261 -23956 -13993 -9543 39456 -11280 -30134 40460 -10481 -40090 11448 -7274 -8708 11751 -1860 -34270 -36918 15511 -20537 -14283 -26957 -19845 6317 57686 -1992 -44689 38646 17684 507 1113 
-10203 12486 -1133 43210 -41373 30778 -26042 28790 -1226 5335 27104 -34892 -537 75108 36323 -35081 44927 38400 -32848 21383 -32658 44485 -25229 -35308 -15154 -17422 6409 28825 13331 -4051 -40482 40917 37277 -33986 -31544 6783 -2799 11409 929 10650 56645 88315 -49090 -2139 -40050 67686 16319 26621 802 184 16925 -26035 -18926 -35485 -20031 -38214 8959 28743 -8156 20423 -16704 24094 -20811 -17688 42954 -18871 -12751 -25672 -36963 21678 -19568 -12830 43826 -28030 25148 -7274 -41114 -9755 -45908 -25462 53532 -47743 -7108 -39529 -53190 -30903 5073 -12032 -10432 -54735 -14625 47258 -13689 87068 -21246 32834 32922 32150 31078 -21724 
18257 -64914 -7459 -10775 2885 -26813 28062 20505 -19544 7401 38649 -28744 27600 -41373 -8311 44502 10418 22036 35093 -14377 -16617 -32275 -20030 4196 -15576 9437 19606 -76087 27036 20957 19864 3042 -32536 -12937 -67204 -74686 4835 34497 53080 38070 5709 -42490 632 -70074 -1765 -17887 3492 40896 365 -7836 47296 5287 14930 6015 9925 73780 35428 2085 -42176 -40509 -980 12994 22686 83535 -10384 3874 -59805 -309 -11252 -48318 -1914 18019 -58777 15222 12078 25047 32784 87289 17351 9282 -91278 18252 -49759 -29863 20210 -11599 -8323 -34943 -34285 2048 -11135 -68 24183 -96603 -23975 -49269 14103 -19457 35797 18762 
-62654 -40374 1551 27064 15457 6100 -32299 -34871 -13990 -25578 -19557 1752 17959 4469 -3333 -13997 -7887 -14579 -43414 -2243 34489 -9858 70203 11786 27040 -31763 -12258 7788 -10460 4678 2053 58824 -33428 68441 524 9263 -35844 34617 -47 -29669 -6701 -14653 30647 36361 56142 -2429 -24523 14375 9184 -4489 -42548 -55805 -472 -52781 11128 -16601 7019 -46099 -7479 -33014 16710 16343 19904 -34947 30521 50371 49004 16486 -9682 -3468 -52431 50022 48111 -2413 -23660 -64040 -9945 -76819 -16267 -35269 -33983 8845 -36969 18850 -27863 11626 11586 -1013 -13842 -6324 15561 6440 -35815 72455 -24224 30684 4548 -40689 13445 -12509 
45431 32280 5091 -12348 -34679 -65655 35818 42389 -21676 63139 -45985 21258 7343 10274 -5054 -45768 101 -44090 -27352 -19884 -15291 -10145 36409 1424 -29860 -41524 -41023 43072 38367 -20299 46158 7284 -28062 13451 78131 12974 5141 13129 10493 3370 -31790 -44934 -2533 7556 -678 -70531 9843 -15665 -43019 -11088 24930 20094 14004 18291 -15015 65101 -17052 -16277 -56228 57538 11823 -7248 59233 -25898 -50670 8267 29507 48953 -19528 52597 9741 5195 45504 10155 40396 16762 54746 -15482 -14100 -4840 1061 11022 -28412 -2088 -24834 -12599 29831 39941 4985 16787 22446 -54408 -76101 44445 8552 -39219 -20743 -31658 3039 53587 
-37745 -9164 22843 41749 -18263 -31627 -3105 25852 -50781 -32293 36499 -12241 12702 -25637 28161 30830 -25400 19329 -55711 -32882 -42191 -22285 -18472 -5169 -10865 7994 -70683 -44988 48634 -28710 32707 26420 -30930 20106 -17617 13038 34782 -7237 -1250 48314 18988 -36118 -33864 20675 -19863 23231 -15833 -8826 -39083 -42038 -46544 5310 13399 -6408 11131 -4628 51584 -41858 -26408 10087 1211 -33129 -40150 -64859 27898 16774 27652 -31368 1458 -37943 35734 -30891 -23523 -17370 -38322 31910 27185 35207 -24884 815 -54228 3052 15649 7128 35315 22570 10590 76836 -15967 2077 -3356 19211 -27129 4906 -41895 -49242 -25768 -34968 -43926 33083 
20145 22061 4620 48428 -49441 7513 -16205 13409 22394 -54943 -14342 -3099 -33961 -13601 -23191 -32581 -56958 29237 -2225 -100120 -28081 -41232 -25663 -24921 -10164 -21898 -83263 5497 23910 -88254 80240 29087 -61498 -46838 12661 -39457 -24686 -54659 6412 -15160 -2239 -3596 34492 33359 -8819 21304 55276 -15825 8651 36535 -63991 60813 -40993 47755 68499 -44925 -23520 35060 -15264 3696 50872 90014 18976 -57039 -20153 37950 26314 -12833 -45763 -37770 -9334 -2467 -29333 41972 8793 -650 -32402 41926 -20202 -19875 -35360 60710 24933 2303 24755 31163 -18812 41095 -9646 60085 16312 -62676 5188 20659 -32262 -58455 -10992 12232 -100397 18180 
773 -19200 -60630 6004 -9997 60149 -6140 -55494 42176 -9723 -28005 7296 -18568 19871 21727 44421 46747 5546 14936 -27130 30530 24637 -31378 28407 -2868 -27998 33245 13024 -19473 -4361 -63159 60960 -33428 35620 -21286 15360 19772 -46692 60326 -53223 -80928 18192 43969 19356 -15319 15845 12066 34669 62885 47111 -5891 -14024 -821 14570 43815 28907 -67205 3859 2881 8880 5565 -24064 -43000 14088 60334 13613 33927 12324 33563 -52411 -1527 62545 6145 -418 -10043 14494 -32228 -7271 -4637 63174 20548 32422 33939 23978 -18292 52487 26075 10386 -3642 35070 42669 -29530 -36684 -45414 -19968 41676 15887 1798 63188 47827 
-31211 44262 -8192 20849 -1720 38194 -18577 16039 21242 -21188 29740 -26043 10327 46638 24216 -37997 -73660 6000 -38117 38885 -21673 -46537 -47827 17825 62855 -12353 -38236 1020 -1877 -13865 -17327 -33215 20406 -16485 18684 -36992 -2221 -18169 -9793 -36987 31750 -37815 -8662 30386 -12554 7149 26370 16379 -33227 -18557 -5256 3048 12329 12325 64671 -59567 -33786 18357 -55624 -2177 6803 -15732 -45269 6164 -1172 -34983 37019 -28752 23973 41036 9590 -52183 -58705 -23781 -14265 -24209 42779 23437 -13123 -42335 -38636 33329 52175 -1472 -27474 34872 1132 -8459 22403 -22229 25333 -874 13354 -10195 15446 -39176 -12751 13526 -52351 -37338 
-20384 -8466 21988 -33006 -31943 -19799 -36802 -37709 6454 5066 -2869 -25444 20649 19025 3980 -10743 58137 34736 -2372 -81515 -40616 -28522 33127 -20233 -39988 -14515 23507 28776 48922 -24047 -44148 26195 -17769 -20867 7638 37722 -4027 -56809 -30037 -9062 14509 -46235 -26172 34708 22239 -19559 6783 23434 28509 -6622 33221 2405 -67233 13818 54145 17108 -31555 36757 -63923 54165 -15294 -17643 75568 13452 8703 3211 14658 -32094 -39809 47850 -56051 58839 26788 57271 14898 -19867 18854 15888 35508 7879 24207 2344 -10416 5382 -15192 -14018 16258 -9825 18262 33124 24353 44155 -42857 -15141 -44184 41756 -7774 1215 -50220 1063 
81 -15237 -2009 6092 -12508 -42885 -2787 -16200 -13069 7103 11508 -11078 37218 20722 12003 -32553 55928 -24912 -21172 47666 31487 1744 -44657 -19401 19932 -40334 11041 10913 -2310 -3751 62782 -34232 -23172 53657 71029 27314 42988 -27527 -22455 -34743 11266 -15208 -49163 5681 18077 30311 37957 7238 -22742 -106111 23643 39885 -8586 14535 18421 -3574 -15115 -11681 -24609 34861 25224 -13842 23022 -47383 -52042 47721 1826 -47940 -986 1915 14538 -19028 17626 36161 -2497 -12949 15527 -9871 -50313 -45097 -8339 13353 -18625 52669 -21777 -13664 -35106 48480 27003 -7335 6062 -4671 -9740 32774 -14276 -257 5590 -59540 21417 -31652 
3462 55384 -5279 -24593 11402 38395 24651 -34677 6026 -21239 -14520 28391 15017 -5182 -29273 -11595 31724 5504 -368 -41253 -22597 -26129 5574 -28143 -7933 -28809 -9885 7011 3550 -7699 -501 29998 -12612 -6551 33618 12447 40130 -44495 -5756 795 7341 14460 -1142 -817 21324 -6408 612 -60556 31399 18950 -43208 -3742 -42372 -11134 -3508 64321 -21805 -42401 3626 21367 -50529 -11505 27088 -22860 -20854 -2222 -19316 7507 12126 -56201 -40654 56107 -29286 5818 -2568 -37085 -27425 5183 -32721 -39587 45611 4916 53309 65553 578 43731 -37021 -88460 38646 19828 -4979 -1204 29702 19087 9433 -3238 21132 -10722 -39276 -60202 
-44338 4675 -3150 8655 -29523 -11889 3955 -915 27276 -13457 -12909 -37287 -28809 -48616 51431 984 -31004 84251 -52908 27467 -19713 -28168 31831 -23749 -11488 -2352 1229 47431 -59040 30238 -58310 40597 3908 40156 -18915 -34630 56047 -47617 5566 5881 -30223 -48821 11626 59672 -518 -8164 26072 26824 -328 26003 18259 -59600 31940 12619 30403 31888 -33578 39347 -61427 30581 11384 -7993 -9786 20743 17278 -13017 77764 23925 -17258 -10381 21631 -7767 7679 -32048 -18259 57530 17237 3895 -17325 -31832 41252 -355 -8246 -12264 -83480 -15983 21027 -42188 -37430 -8064 1333 -9838 -47627 -40626 18886 47352 -31083 24143 -47042 -18059 
26938 55408 14610 22373 -15744 -17034 88599 35542 -18834 -8333 50544 -33622 25517 -682 -64963 33090 23229 58585 -20306 -2645 21563 -31790 27266 83719 30533 22675 13733 -45224 48559 -28795 5166 9697 18807 -12091 33056 -27506 -14968 25644 47263 -23939 20716 24756 -32603 -31222 -4478 -25690 -70015 -57855 -5744 -25645 9140 6443 1180 -11956 45371 67401 -3601 -43638 -32951 -34227 -4466 6957 28173 -376 -91 -10028 -27979 20903 11430 125 -3001 -7544 -7531 -15951 38305 5267 31814 -59189 -9614 46630 25125 24416 -12481 10435 32204 15358 -12584 -14505 24349 14495 -31579 -41113 36908 -26183 12764 -25801 -19673 -37295 -7578 29362 
56811 -15405 -3003 -28790 -16621 -18616 -12265 -67100 -11637 28559 -22804 -866 9423 -28185 34694 -8806 56661 -19672 49841 -14571 -5750 22300 30687 -42325 -3414 -14234 18062 -54926 -48664 -35599 -27595 -34190 5273 -22841 -2202 17021 24474 10247 40270 -9316 -26681 -52875 15282 -52752 8715 -2259 -18475 -21092 -62918 -38179 -537 -31609 3153 19614 29276 58422 20116 -55828 -7311 12385 -46576 -30113 -42891 19532 10516 3845 -13771 957 52530 31483 -27349 35796 -17596 -8196 10918 -25926 -25072 8526 -18697 2182 -40108 24765 -9346 51636 12468 -1428 -13982 -56642 34533 53816 -7005 17687 -34568 -34098 42962 27596 -22021 31592 3614 -32623 
-20797 -31897 13334 23659 25457 -8720 6382 8564 -58610 -13274 -56195 -8952 54601 15758 22281 8231 -14730 21908 -30599 27604 7653 -20591 11640 37638 -13082 88851 -46358 -70435 33618 48241 -17870 -15126 5334 37971 -55998 -17957 -5910 14361 28682 36884 1633 -23411 38730 -50128 44149 35597 -16952 17656 -29882 -26130 -8302 37782 4264 -2303 -39683 -20850 7397 3505 41372 38357 32937 -30432 -55356 16983 -21934 34681 16542 932 10870 -51900 1693 -35515 -12594 11719 30128 -27526 -48559 47306 -9453 -20506 -98389 -20254 12901 -73745 62717 -28312 31344 -36890 -49572 -35217 9442 -3569 15899 -42954 -48322 -767 56228 2105 46350 20905 
-19363 -46557 -56355 -1246 -23240 -28261 -49715 -28657 97829 31745 9679 -35681 58596 1786 2360 28285 -8501 -102596 3853 -5978 -49244 23267 1851 -2967 43809 -62770 -36350 125339 -29747 -19341 28322 1343 -5056 -5860 22344 -299 -17173 -349 -96844 37523 35454 9286 -20000 -3114 9342 -909 64969 21835 -15962 -5002 24705 -19594 -20051 2012 47136 -67533 -4410 -1969 -64057 -14135 11736 -29903 -47110 -21844 37783 -682 18853 -26815 27733 -9740 -3497 -31067 -20536 81407 17618 -42036 -5115 99057 21688 -12774 -15616 1090 -9268 -11346 -25212 54463 14452 20123 18550 31541 -46956 30448 -35652 37092 31712 34681 -55326 -31781 -26979 24589 
16442 -33073 1291 -9336 -34750 -33917 51540 21261 -29954 -96722 -42786 -52014 -92222 -48206 -13757 -19881 -108 -28651 -23395 66913 -44261 43950 15549 18055 59000 18428 -52721 -9147 5629 -43271 -54621 16965 -28923 -93235 -25764 -17690 69053 -58884 30269 -35013 -17691 28811 -10405 -22878 -26349 -10633 -30110 -1271 875 42424 6502 81244 55813 -34578 -15361 -36672 51364 -74951 -15234 104931 -23059 15203 -16684 9737 -49989 -6601 76752 -79667 -34222 -41719 25142 -6993 59330 -3086 -29085 -25830 -34983 -48520 16093 22130 -8657 -192 509 7062 1205 43284 -9221 -26634 -9927 -4610 -24166 -12491 62856 -22212 -77427 6173 26496 4653 -65836 -82061 
-49901 20979 2094 79388 -23549 16919 1924 47619 30592 10450 13032 -19936 58341 -5490 -27206 -9397 -18173 2603 -15573 15796 -42150 -24922 56219 -3402 -14199 6871 47879 31391 15561 42884 39470 33636 59583 -14268 -24959 39663 -23835 -34358 -4744 29184 49605 41817 -68068 27090 15021 15924 2494 25445 -6985 13875 -436 -14091 -16600 -23458 -30290 -8843 46677 35476 7532 20126 81663 41995 25013 7033 8495 -8028 41410 44478 -22570 -24303 -46660 -6070 57366 -9413 45874 23284 2784 6842 -4394 -41086 7951 -31650 2517 -51799 -45022 -5286 -15281 21042 -27479 -29222 -13313 1091 -17409 65286 26318 1327 -21589 -10421 -10469 24376 
17740 -274 -1536 -54641 -72044 16609 1043 4204 1918 5898 -14608 -23180 4579 13555 -16514 -30156 -37205 -45882 -10642 7419 32162 -44420 18122 -20074 -9362 -39786 -33667 68174 3478 -29414 1673 -24596 9467 -66612 35810 8731 -22593 -24671 2356 581 -40018 -42865 27347 71607 25500 58252 -16618 -19399 -32059 29853 -13586 44589 -55919 19509 39266 -7055 -7153 -34199 -23542 13216 1910 19425 53163 -70810 -65617 -7688 25306 42072 -4899 18522 4380 40377 -18708 -3068 10677 -67855 48310 13934 5788 -20473 12066 46321 583 -7661 -13609 60270 52121 -2029 5607 34801 -52777 -22753 35246 -38512 -1694 22872 -6120 -17068 -92139 -26337 
27161 -6844 -28887 -36008 33554 44975 46381 -63860 -34609 21110 3301 -19968 -71403 -76751 -55455 47762 45621 -9222 -19813 -10808 40326 -42872 -2750 -7894 8660 -60880 -270 -26984 5215 -17419 -67795 15694 -22362 -37151 -33084 -25345 -37193 5892 14550 6049 14958 -3929 -41080 -33874 -16607 34918 -1141 -18414 4272 43329 -1127 -2569 24641 2349 46804 -23151 10785 68 50488 12762 -1666 21763 8462 -43602 -41712 48510 3533 -37123 -36752 54673 -13805 -22318 38175 18638 -48944 41248 -930 -17647 40672 50170 -11739 -10756 -32063 -9819 25534 -27793 -39504 -48318 -41193 -2434 -19911 4124 3299 8113 -27154 9688 -29138 36459 -16265 -28375 
160 4714 86939 62063 -40927 13252 -14950 46064 12415 4843 -23618 -20153 -6278 39081 74158 -18413 19643 -863 12044 53636 17051 -7952 -32534 -38724 -57898 -14842 9194 54760 2803 22447 36041 -48156 32192 -26035 13884 -2444 28333 4636 61593 24705 -14533 8979 -8854 70894 -14924 34282 46711 11510 -45740 6261 -25265 25023 12510 -943 -4935 -13939 29419 3806 -4912 39257 42033 30703 -42355 -18094 12518 -18533 16502 14728 -29637 16964 47562 -16987 22228 -25892 27473 13876 -22759 -18345 -45464 6341 15636 -39106 -25545 -38451 33507 -36331 28653 34989 -54224 -16082 -18047 37466 -43730 -19081 -19123 -29623 37484 32387 18940 51659 
